0
0
0.00434938
0.00415579
0.0198071
0.0160824
0.0318637
0.0191786
0.0410624
0.0176907
0.0579416
0.0157589
0.0705617
0.0164719
0.0826873
0.0168854
0.0954474
0.0184718
0.111536
0.0203478
0.126262
0.0228152
0.14176
0.0239512
0.159969
0.0244418
0.178113
0.0266006
0.203373
0.0312457
0.222314
0.0339269
0.243118
0.0353823
0.275647
0.0406221
0.313057
0.0521617
0.339559
0.0601926
0.378567
0.0657758
0.411813
0.0710887
0.446483
0.0759437
0.47884
0.0814631
0.525684
0.08866
0.563129
0.0988948
0.601763
0.105964
0.654929
0.114286
0.731946
0.130665
0.779049
0.141683
0.828139
0.150671
0.894795
0.16277
0.947785
0.172071
1.01821
0.192563
1.09336
0.207365
1.20422
0.218738
1.28097
0.242391
1.41144
0.250929
1.56704
0.261728
1.68834
0.288221
1.80727
0.319366
2.04395
0.374912
2.20459
0.42535
2.43721
0.481846
2.65399
0.548215
2.91675
0.630711
3.24641
0.747384
3.68644
0.839297
4.24389
0.968887
4.8213
1.17398
6.2431
1.81499
7.5112
2.44365
9.44945
3.31141
15.3825
6.42575
42.0621
39.46
0
0
