%% A B AA AB BA BB C CA CB AC BC CC D DA DB DADB AAB BAB AABB CCA CBAC BCCC
11000000000000000000000000000000000000000000
00110000000000000000000000000000000000000000
00001100000000000000000000000000000000000000
00000011000000000000000000000000000000000000
00000000110000000000000000000000000000000000
00000000001100000000000000000000000000000000
00000000000011000000000000000000000000000000
00000000000000110000000000000000000000000000
00000000000000001100000000000000000000000000
00000000000000000011000000000000000000000000
00000000000000000000110000000000000000000000
00000000000000000000001100000000000000000000
00000000000000000000000011000000000000000000
00000000000000000000000000110000000000000000
00000000000000000000000000001100000000000000
00000000000000000000000000000011000000000000
00000000000000000000000000000000110000000000
00000000000000000000000000000000001100000000
00000000000000000000000000000000000011000000
00000000000000000000000000000000000000110000
00000000000000000000000000000000000000001100
00000000000000000000000000000000000000000011
%%
01010101010101010101010101010101010101010101
00010110010101010101010101010101010101010101
00100010100101010101010101010101001001010101
00100110100101010101010101010101000101010101
00100110100101010101010101010101000101010101
00100110100101010101010101010101000101010101
00100110100101010101010101010101000101010101
00100110100101010101010101010101000101010101
01100110100101010101010101010101000001010101
01101010100101010101010101010101000001010101
01101001100101010101010101010101000001010101
10101001100101010101010101010101100001010101
10000000000101010101010101010101101001010101
10000100000101010101010101010101100101010101
10000100000101010101010101010101100101010101
10000100000101010101010101010101100101010101
10010100000101010101010101010101100101010101
10010100000101010101010101010101100101010101
10010100000101010101010101010101100101010101
10010100010101010101010101010101010101010101
10010100010101010101010101010101010101010101
10010100010101010101010101010101010101010101
10101000101001010101010101010101000001010101
10101000101001010101010101010101000001010101
10101000101001010101010101010101000001010101
10101000101001010101010101010101000001010101
10101000101001010101010101010101000001010101
10101000100101010101010101010101000001010101
10101001100101010101010101010101000001010101
10101001100101010101010101010101000001010101
10101001100101010101010101010101000001010101
01101010100101010101010101010101100001010101
00000010000001010101010101010101101001010101
00000010000001010101010101010101101001010101
00000010000001010101010101010101101001010101
00000010000101010101010101010101101001010101
00010010000101010101010101010101101001010101
00010010000101010101010101010101101001010101
00010010000101010101010101010101101001010101
00010110010101010101010101010101010101010101
00010110010101010101010101010101010101010101
00100110000101010101010101010101010101010101
10101010001001010101010101010101100001010101
10101010001001010101010101010101010001010101
10101010001001010101010101010101010001010101
10101010001001010101010101010101010001010101
10101010001001010101010101010101010001010101
10101010001001010101010101010101000000010101
10101010011010010101010101010101000000010101
10101010011010010101010101010101000000010101
10011010101010010101010101010101000000010101
10011010101010010101010101010101001000010101
00000000100000010101010101010101101010010101
00000000100001010101010101010101011001010101
00000000100001010101010101010101011001010101
00000000100001010101010101010101011001010101
00000001100101010101010101010101011001010101
00000001100101010101010101010101011001010101
00000001100101010101010101010101011001010101
01000101100101010101010101010101010101010101
01000101100101010101010101010101010101010101
01000101100101010101010101010101010101010101
01000101100101010101010101010101010101010101
01000101100101010101010101010101010101010101
01000101100101010101010101010101010101010101
01000101100101010101010101010101010101010101
01010101010101010101010101010101010101010101
01010101010101010101010101010101010101010101
01010101010101010101010101010101010101010101
01010101010101010101010101010101010101010101
01010101010101010101010101010101010101010101
01000101100101010101010101010101010101010101
10001010101001010101010101010101000001010101
10001010101001010101010101010101000001010101
10001010101001010101010101010101000001010101
10001010101001010101010101010101000001010101
10001010101001010101010101010101000001010101
10001010101001010101010101010101000000010101
10011010101010010101010101010101000000010101
10011010101010010101010101010101000000010101
10011010101010010101010101010101000000010101
10101010011010010101010101010101001000010101
00100000000000010101010101010101101010010101
00100000000001010101010101010101101001010101
00100000000001010101010101010101101001010101
00100000000001010101010101010101101001010101
00100001000101010101010101010101101001010101
00100001000101010101010101010101101001010101
00100001000101010101010101010101101001010101
01100101000101010101010101010101010101010101
01100101000101010101010101010101010101010101
01100001001001010101010101010101011001010101
00100001001010100101010101010101011000010101
01100001001010100101010101010101010100010101
01100001001010100101010101010101010100010101
01100001001010100101010101010101010100010101
01010001011010100101010101010101010100010101
01010001011010100101010101010101010100010101
01010001011010100101010101010101010100000101
01010101011010101001010101010101010100000101
01010101010110101001010101010101010100000101
01011001010110100101010101010101010110010101
01011001010000000001010101010101010110100101
01011001010000000101010101010101010110010101
01011001010000000101010101010101010110010101
01011001010000000101010101010101010110010101
01011001010000010101010101010101010110010101
01011001010000010101010101010101010110010101
01011001010000010101010101010101010110010101
01011001010001010101010101010101010101010101
01011001010001010101010101010101010101010101
01011001010001010101010101010101010101010101
10011010010010100101010101010101010000010101
10011010010010100101010101010101010000010101
10011010010010100101010101010101010000010101
10011010010010100101010101010101010000010101
10011010010010100101010101010101010000010101
10011001010010100101010101010101010000010101
10011001010010100101010101010101010000000101
01011001010110101001010101010101010000000101
01011001010110101001010101010101010100000101
01010001011010100101010101010101010110010101
00010000011000000001010101010101011010100101
00010000011000000101010101010101011010010101
00010000011000000101010101010101011010010101
00010001011000000101010101010101011010010101
00010001011000010101010101010101011010010101
00010001011000010101010101010101011010010101
00010001011000010101010101010101011010010101
01010001011001010101010101010101010101010101
01010001011001010101010101010101010101010101
01010001011000100101010101010101010110010101
01010001011000101010010101010101010110000101
01010001011000101010010101010101010101000101
01010001011000101010010101010101010101000101
01010001011000101010010101010101010101000101
01010101010100101010010101010101010101000101
01010101010100101010010101010101010101000101
01010101010100101010010101010101010101000001
01010101010101101010010101010101010101000001
01010101010101011010010101010101010101000001
01010101010110011010010101010101010101100101
01010101010110000000010101010101010101101001
01010101010110000000010101010101010101100101
01010101010110000000010101010101010101100101
01010101010110000000010101010101010101100101
01010101010110000001010101010101010101100101
01010101010110000001010101010101010101100101
01010101010110000001010101010101010101100101
01010101010110000101010101010101010101010101
01010101010110000101010101010101010101010101
01010101010110000101010101010101010101010101
01010101010110001010010101010101010100000101
01010101010110001010010101010101010100000101
01010101010110001010010101010101010100000101
01010101010110001010010101010101010100000101
01010101010110001010010101010101010100000101
01010101010110001010010101010101010100000101
01010101010110001010010101010101010100000001
01010101010110011010010101010101010100000001
01010101010110011010010101010101010101000001
01010101010100101010010101010101010110100101
01010101010100100000010101010101010110101001
01010101010100100000010101010101010110100101
01010101010100100000010101010101010110100101
01010101010100100000010101010101010110100101
01010101010100100001010101010101010110100101
01010101010100100001010101010101010110100101
01010101010100100001010101010101010110100101
01010101010100100101010101010101010101010101
01010101010100100101010101010101010101010101
01010101010100100010010101010101010101100101
01010101010100100010010101010101010101100001
01010101010100100010010101010101010101010001
01010101010100100010010101010101010101010001
01010101010100100010010101010101010101010001
01010101010101010010010101010101010101010001
01010101010101010010010101010101010101010001
01010101010101010010010101010101010101010001
01010101010101010110010101010101010101010001
01010101010101010101010101010101010101010001
01010101010101011000010101010101010101011001
01010101010101011000010101010101010101011001
01010101010101011000010101010101010101011001
01010101010101011000010101010101010101011001
01010101010101011000010101010101010101011001
01010101010101011000010101010101010101011001
01010101010101011000010101010101010101011001
01010101010101011000010101010101010101011001
01010101010101011000010101010101010101010101
01010101010101011000010101010101010101010101
01010101010101011000010101010101010101010101
01010101010101011000010101010101010101000001
01010101010101011000010101010101010101000001
01010101010101011000010101010101010101000001
01010101010101011000010101010101010101000001
01010101010101011000010101010101010101000001
01010101010101011000010101010101010101000001
01010101010101011000010101010101010101000001
01010101010101011001010101010101010101000001
01010101010101011001010101010101010101010001
01010101010101010010010101010101010101101001
01010101010101010010010101010101010101101001
01010101010101010010010101010101010101101001
01010101010101010010010101010101010101101001
01010101010101010010010101010101010101101001
01010101010101010010010101010101010101101001
01010101010101010010010101010101010101101001
01010101010101010010010101010101010101101001
01010101010101010010010101010101010101010101
01010101010101010010010101010101010101010101
01010101010101010010100100010101010101010101
01010101010101010010101000010101010101010101
01010101010101010010101000010101010101010101
01010101010101010010101000010101010101010101
01010101010101010010101000010101010101010101
01010101010101010101101000010101010101010101
01010101010101010101101000010101010101010101
01010101010101010101101000010101010101010101
01010101010101010101101000010101010101010101
01010101010101010101101000010101010101010101
01010101010101010101011010010101010101010101
01010101010101010101000010000101010101010110
01010101010101010101000010010101010101010101
01010101010101010101000010010101010101010101
01010101010101010101000010010101010101010101
01010101010101010101010010010101010101010101
01010101010101010101100010010101010101010101
01010101010101010101100010010101010101010101
01010101010101010101100010010101010101010101
01010101010101010101100001000101010101010101
01010101010101010101001010010101010101010101
01010101010101010101001010101001010101010100
01010101010101010101001001101001010101010100
01010101010101010101001001101001010101010100
01010101010101010101001001101001010101010100
01010101010101010101001001101001010101010100
01010101010101010101001001101001010101010100
01010101010101010101001001101001010101010100
01010101010101010101011001101001010101010100
01010101010101010101010101101001010101010100
01010101010101010101100001011001010101010110
01010101010101010101100001000010010101010110
01010101010101010101100001000001010101010110
01010101010101010101100001000001010101010110
01010101010101010101100001000001010101010110
01010101010101010101100001010001010101010110
01010101010101010101100001100001010101010110
01010101010101010101100001100001010101010110
01010101010101010101100001100001010101010110
01010101010101010101100001100001010101010101
01010101010101010101100001100001010101010101
01010101010101010101100000101001010101010100
01010101010101010101100000101001010101010100
01010101010101010101100000101001010101010100
01010101010101010101100001101001010101010100
01010101010101010101100010101001010101010100
01010101010101010101100010101001010101010100
01010101010101010101100010101001010101010100
01010101010101010101100010101001010101010100
01010101010101010101100010101001010101010100
01010101010101010101101010001001010101010110
01010101010101010101001010000010010101010110
01010101010101010101001010000001010101010110
01010101010101010101001010000001010101010110
01010101010101010101001010000001010101010110
01010101010101010101001010010001010101010110
01010101010101010101001001100001010101010110
01010101010101010101001001100001010101010110
01010101010101010101001001100001010101010110
01010101010101010101001001100001010101010101
01010101010101010101001001001001010101010110
01010101010101010101001001001000010101010110
01010101010101010101001001001000010101010101
01010101010101010101001001001000010101010101
01010101010101010101001001001000010101010101
01010101010101010101001001001000010101010101
01010101010101010101001001001000010101010101
01010101010101010101001001001000010101010101
01010101010101010101001001011000010101010101
01010101010101010101001001010100010101010101
01010101010101010101001001100010010101010101
01010101010101010101001001100010010101010101
01010101010101010101001001100010010101010101
01010101010101010101001001100010010101010101
01010101010101010101001001100010010101010101
01010101010101010101001001100010010101010101
01010101010101010101001001100010010101010101
01010101010101010101001001100010010101010101
01010101010101010101001001100001010101010101
01010101010101010101001001100001010101010101
01010101010101010101001001100001010101010101
01010101010101010101001001100000010101010100
01010101010101010101001001100000010101010100
01010101010101010101001001100000010101010100
01010101010101010101001001100000010101010101
01010101010101010101001001100000010101010110
01010101010101010101001001100000010101010110
01010101010101010101001001100000010101010110
01010101010101010101001001100000010101010110
01010101010101010101001001100000010101010110
01010101010101010101001001101010010101010110
01010101010101010101001001001010010101010110
01010101010101010101001001001010010101010110
01010101010101010101001001001010010101010110
01010101010101010101001001001010010101010110
01010101010101010101001001001010010101010110
01010101010101010101001001001010010101010101
01010101010101010101001001001010010101010101
01010101010101010101001001001010010101010101
01010101010101010101001001001001010101010101
01010101010101010101001001001001010101010101
