%% A AA AAA AAAA AAAB AAA_AABBA AAB AABBA AAB_AAAB AA_AAAA AB ABA ABBBBA B BA BAA BAAB BAA_BBBABA BBB BBBABA BBB_ABBBBA
110000000000000000000000000000000000000000
001100000000000000000000000000000000000000
000011000000000000000000000000000000000000
000000110000000000000000000000000000000000
000000001100000000000000000000000000000000
000000000011000000000000000000000000000000
000000000000110000000000000000000000000000
000000000000001100000000000000000000000000
000000000000000011000000000000000000000000
000000000000000000110000000000000000000000
000000000000000000001100000000000000000000
000000000000000000000011000000000000000000
000000000000000000000000110000000000000000
000000000000000000000000001100000000000000
000000000000000000000000000011000000000000
000000000000000000000000000000110000000000
000000000000000000000000000000001100000000
000000000000000000000000000000000011000000
000000000000000000000000000000000000110000
000000000000000000000000000000000000001100
000000000000000000000000000000000000000011
%%
010101010101010101010101010101010101010101
010101010101010101010101010101010101010101
010101010101010101010101010101010101010101
010101010101010101010101010101010101010101
010101010101010101010101010101010101010101
010101010101010101010101010101010101010101
010101010101010101010101010101010101010101
010101010101010101010101010101010101010101
010101010101010101010101010101010101010101
010101010101010101010101010101010101010101
010101010101010101010101010101010101010101
010101010101010101010101010101010101010101
010101010101010101010101010101010101010101
010101010101010101010101010101010101010101
010101010101010101010101010101010101010101
010101010101010101010101010101010101010101
010101010101010101010101010101010101010101
010101010101010101010101010101010101010101
010101010101010101010101010101010101010101
010101010101010101010101010101010101010101
010101010101010101010101010101010101010101
010101010101010101010101010101010101010101
010101010101010101010101010101010101010101
010101010101010101010101010101010101010101
010101010101010101010101010101010101010101
010101010101010101010101010101010101010101
010101010101010101010101010101010101010101
010101010101010101010101010101010101010101
010101010101010101010101010101010101010101
010101010101010101010101010101010101010101
010101010101010101010101010101010101010101
010101010101010101010101010101010101010101
010101010101010101010101010101010101010101
010101010101010101010101010101010101010101
010101010101010101010101010101010101010101
010101010101010101010101010101010101010101
010101010101010101010101010101010101010101
010101010101010101010101010101010101010101
010101010101010101010101010101010101010101
010101010101010101010101010101010101010101
010101010101010101010101010101010101010101
010101010101010101010101010101010101010101
010101010101010101010101010101010101010101
010101010101010101010101010101010101010101
010101010101010101010101010101010101010101
010101010101010101010101010101010101010101
010101010101010101010101010101010101010101
010101010101010101010101010101010101010101
010101010101010101010101010101010101010101
010101010101010101010101010101010101010101
010101000101010101010101010101010101010101
011001100001010101000101010101010101010101
011001100001010101001001010101010101010101
011001100001010101001001010101010101010101
011001100001010101001001010101010101010101
011001100001010100001001010101010101010101
011001100001010100001001010101010101010101
011001100001100100001001010101010101010101
011001100001100100001001010101010101010101
011001100001100100001001010101010101010101
011001100001100100001001010101010101010101
011001100001100100001001010101010101010101
011001100001100100001001010101010101010101
011001100001100100001001010101010101010101
011001100001100100001001010101010101010101
011001100001100100011001010101010101010101
011001100001100100101001010101010101010101
011001100001100100101001010101010101010101
011001100001100100101001010101010101010101
011001100001100100101001010101010101010101
011001100001100000101001010101010101010101
011001100001100000101001010101010101010101
011001100001100000101001010101010101010101
011001100001100000101001010101010101010101
011001100001100000101001010101010101010101
010101100001100000101001010110010101010101
010101100001100000101001010110010101010101
010101100001100000101001010110010101010101
010101100001100000101001010110010101010101
010101100001100000101001010110010101010101
010101100001100000101001010110010101010101
010101100001100000101001010110010101010101
010001100001100000101001010110010101010101
010001100001100000101001010110010101010101
010001100101100000100101010110010101010101
010001100101100000100101010110010101010101
010001100101100000100101010110010101010101
010001100101100000100101010110010101010101
010001100101100000100101010110010101010101
010001100101100001100101010110010101010101
010001100101100001100101010101010101010101
010001100101100001100101010101010101010101
010001100101100001100101010101010101010101
010001100101100001100101010101010101010101
010001101001100101100101010101010101010101
010001101001100101100101010101010101010101
010001101001100101100101010101010101010101
010001101001010101100101010101010101010101
010001101001010101100101010101010101010101
010001101001010101100101010101010101010101
010001101001010101100001010101010101010101
010001101001010101100001010101010101010101
010001101001010101100001010101010101010101
010001101001010101100001010101010101010101
010001101001010101100001010101010101010101
010001101001010110100001010101010101010101
010001101001010110100001010101010101010101
010001101001010110100001010101010101010101
010001101001010110100001010101010101010101
010001101001010110100001010101010101010101
010001101001010110100001010101010101010101
010001101001010110100001010101010101010101
010001101001010110100001010101010101010101
010001101001010110100001010101010101010101
010001101001010110100001010101010101010101
010001101001010110100001010101010101010101
010001101001010110100001010101010101010101
010001101001010110100001010101010101010101
010001101001010110100001010101010101010101
010001101001010110100001010101010101010101
010001101001010110100001010101010101010101
010001101001010110100001010101010101010101
010001101001010110100001010101010101010101
010001101001010110100001010101010101010101
010001101001010110100001010101010101010101
010001101001010110100001010101010101010101
010001101001010110100001010101010101010101
010001101001010110100001010101010101010101
010001101001010110100001010101010101010101
010001101001010110100001010101010101010101
010001101001010110100001010101010101010101
010001101001010110100001010101010101010101
010001101001010110100001010101010101010101
010001101001000110100001010101010101010101
010001101001000110100001010101010101010101
010001101001000110100001010101010101010101
010001101001000110100001010101010101010101
010001101001000110100001010101010101010101
010001101001000110100001010101010101010101
010001101001000110100001010101010101010101
010001101001000110100001010101010101010001
010001101001000110100001010101100100011001
010001101001000110100001011001100000011001
010001101001000110100001011001100000011001
010001101001000110100001011001100000011001
010001101001000110100001011001100000011001
010001101001000110100001011001100000011001
010001101001000101100001011001100000011001
010001101001000101100001011001100000011001
010001101001000101100001011001100000011001
010001101001000101100001011001100000011001
010001101001000101100001011001100000011001
010001101001000101100001011001100000011001
010001101001000101100001011001100000011001
010001101001000101100001011001100000011001
010001101001000101100001011001100001011001
010001101001000101100001011001100010011001
010001101001000101100001011001100010011001
010001101001010101100001011001100010011001
010001101001010101100001011001100010011001
010001101001010101100101011001100010011001
010001101001010101100101011001100010011001
010001101001010101100101011001100010011001
010001101001010101100101011001100010011001
010001101001010101100101011001100010011001
010001101001010101010101011001010010011001
010001101001010101010101011001010010011001
010001101001010101010101011001010010011001
010001101001010101010101011001010010011001
010001101001010101010101011001010010011001
010001101001010101010101011001010010011001
010001100101010101010101011001000010011001
010001100101010101010101011001000010011001
010001100101010101010101011001000010011001
010001100101010101010101010101000010011001
010001100101010101010101010101000110011001
010001100101010101010101010101000110011001
010001100101010101010101010101000110011001
010001100101010101010101010101000110011001
010001100101010101010101010101000110011001
010001100101010101010101010101000110011001
010001100101010101010101010101000110011001
010001100101010101010101010101000110011001
010001100101010101010101010101000110011001
010001100101010101010101010101000110011001
010001100101010101010101010101000110011001
010001100101010101010101010101000110011001
010001100101010101010101010101001010011001
010001100101010101010101010101001010011001
010001100101010101010101010001001010011001
010001100101010101010101010001001010011001
010001100101010101010101010001001010011001
010001100101010101010101010001001010011001
010001100101010101010101010001001010011001
010001100101010101010101010001001010011001
010001100101010101010101010001001010011001
010001100101010101010101010001001010011001
010001100101010101010101010001001010011001
010101100101010101010101010001001010011001
010101010101010101010101010001001010011001
010101010101010101010101010001001010011001
010101010101010101010101010001001010011001
010101010101010101010101010001001010011001
010101010101010101010101010001001010011001
010101010101010101010101010001001010011001
010101010101010101010101010001001010011001
010101010101010101010101010001001010011001
010101010101010101010101010001001010011001
010101010101010101010101010001001010011001
010101010101010101010101010001001010011001
010101010101010101010101010001001010011001
010101010101010101010101010001001010011001
010101010101010101010101010001001010011001
010101010101010101010101010001001010011001
010101010101010101010101010001001010011001
010101010101010101010101010001001010011001
010101010101010101010101010001001010011001
010101010101010101010101010001001010011001
010101010101010101010101010001001010011001
010101010101010101010101010001001010011001
010101010101010101010101010001001010011001
010101010101010101010101010001001010011001
010101010101010101010101010001001010011001
010101010101010101010101010001001010011001
010101010101010101010101010001001010011001
010101010101010101010101010001001010011001
010101010101010101010101010001001010011001
010101010101010101010101010001001010011001
010101010101010101010101010001001010011001
010101010101010101010101010001001010011001
010101010101010101010101010001001010011001
010101010101010101010101010001001010011001
010101010101010101010101010001001010011001
010101010101010101010101010001001010011001
010101010101010101010101010001001010011001
010101010101010101010101010001001010011001
010101010101010101010101010001001010011001
010101010101010101010101010001001010011001
010101010101010101010101010001001010011001
010101010101010101010101010001001010011001
010101010101010101010101010001001010011001
010101010101010101010101010001001010011001
010101010101010101010101010001001010011001
010101010101010101010101010001001010011001
010101010101010101010101010001001010011001
010101010101010101010101010001001010011001
010101010101010101010101010001001010011001
010101010101010101010101010001001010011001
010101010101010101010101010001001010011001
010101010101010101010101010001001010011001
010101010101010101010101010001001010011001
010101010101010101010101010101001001011001
010101010101010101010101010101000101011001
010101010101010101010101010101000101011001
010101010101010101010101010101000101011001
010101010101010101010101010101000101011001
010101010101010101010101010101000101011001
010101010101010101010101010101000101011001
010101010101010101010101010101000101011001
010101010101010101010101010101000101011001
010101010101010101010101010101000101011001
010101010101010101010101010101000101011001
010101010101010101010101010101000101011001
010101010101010101010101010101000101011001
010101010101010101010101010101000101011001
010101010101010101010101010101000101011001
010101010101010101010101010101000101011001
010101010101010101010101010101000101011001
010101010101010101010101010101000101011001
010101010101010101010101010101000101011001
010101010101010101010101010101000101011001
010101010101010101010101010101000101011001
010101010101010101010101010101000101011001
010101010101010101010101010101000101011001
010101010101010101010101010101000101011001
010101010101010101010101010101000101011001
010101010101010101010101010101000101011001
010101010101010101010101010101000101011001
010101010101010101010101010101000101011001
010101010101010101010101010101000101011001
010101010101010101010101010101000101011001
010101010101010101010101010101000101011001
010101010101010101010101010101000101011001
010101010101010101010101010101000101010101
010101010101010101010101010101000101010101
010101010101010101010101010101010101010101
010101010101010101010101010101010101010101
010101010101010101010101010101010101010101
010101010101010101010101010101010101010101
010101010101010101010101010101010101010101
010101010101010101010101010101010101010101
010101010101010101010101010101010101010101
010101010101010101010101010101010101010101
010101010101010101010101010101010101010101
010101010101010101010101010101010101010101
010101010101010101010101010101010101010101
010101010101010101010101010101010101010101
010101010101010101010101010101010101010101
010101010101010101010101010101010101010101
010101010101010101010101010101010101010101
010101010101010101010101010101010101010101
010101010101010101010101010101010101010101
010101010101010101010101010101010101010101
010101010101010101010101010101010101010101
010101010101010101010101010101010101010101
010101010101010101010101010101010101010101
010101010101010101010101010101010101010101
010101010101010101010101010101010101010101
010101010101010101010101010101010101010101
010101010101010101010101010101010101010101
010101010101010101010101010101010101010101
010101010101010101010101010101010101010101
010101010101010101010101010101010101010101
010101010101010101010101010101010101010101
010101010101010101010101010101010101010101
010101010101010101010101010101010101010101
010101010101010101010101010101010101010101
010101010101010101010101010101010101010101
010101010101010101010101010101010101010101
010101010101010101010101010101010101010101
010101010101010101010101010101010101010101
010101010101010101010101010101010101010101
010101010101010101010101010101010101010101
010101010101010101010101010101010101010101
010101010101010101010101010101010101010101
010101010101010101010101010101010101010101
010101010101010101010101010101010101010101
010101010101010101010101010101010101010101
010101010101010101010101010101010101010101
010101010101010101010101010101010101010101
010101010101010101010101010101010101010101
010101010101010101010101010101010101010101
010101010101010101010101010101010101010101
010101010101010101010101010101010101010101
010101010101010101010101010101010101010101
010101010101010101010101010101010101010101
010101010101010101010101010101010101010101
010101010101010101010101010101010101010101
010101010101010101010101010101010101010101
010101010101010101010101010101010101010101
010101010101010101010101010101010101010101
010101010101010101010101010101010101010101
010101010101010101010101010101010101010101
010101010101010101010101010101010101010101
010101010101010101010101010101010101010101
010101010101010101010101010101010101010101
010101010101010101010101010101010101010101
010101010101010101010101010101010101010101
010101010101010101010101010101010101010101
010101010101010101010101010101010101010101
010101010101010001010101010101010101010101
010110000100011001010101010101010101010101
100110000100011001010101010101010101010101
100110000100011001010101010101010101010101
100110000100011001010101010101010101010101
100110000100011001000101010101010101010101
100110000100011001000101010101010101010101
101010000100011001000101010101010101010101
101010000100011001000101010101010101010101
101010000100011001000101010101010101010101
101010000100011001000101010101010101010101
101010000100011001000101010101010101010101
101010000100011001000101010101010101010101
101010000100011001000101010101010101010101
101010000100011001000101010101010101010101
101010000101011001000101010101010101010101
101010000110011001000101010101010101010101
101010000110011001000101010101010101010101
101010000110011001000101010101010101010101
101010000110011001000101010101010101010101
101010000110011001000101010101010101010101
101010000010011001000101010101010101010101
101010000010011001000101010101010101010101
101010000010011001000101010101010101010101
101010000010011001000101010101010101010101
101001000010011001000101010101010101010101
101001000010011001001001010101010101010101
101001000010011001001001010101010101010101
101001000010011001001001010101010101010101
101001000010011001001001010101010101010101
101001000010011001001001010101010101010101
101000000010011001001001010101010101010101
101000000010011001001001010101010101010101
101000000010011001001001010101010101010101
011000010010011001001001010101010101010101
011000010010011001001001010101010101010101
011000010010011001001001010101010101010101
011000010010011001001001010101010101010101
011000010010011001001001010101010101010101
011000010010011001010101010101010101010101
011000010010011001010101010101010101010101
011000010010011001010101010101010101010101
011000010010011001010101010101010101010101
011000010010011001010101010101010101010101
011000100110011001010101010101010101010101
011000100110011001010101010101010101010101
011000100110011001010101010101010101010101
010100100110011001010101010101010101010101
010100100110011001010101010101010101010101
010100100110011001010101010101010101010101
000100100110011001010101010101010101010101
000100100110011001010101010101010101010101
000100100110011001010101010101010101010101
000100100110011001010101010101010101010101
000100100110011001010101010101010101010101
000100100110011001100101010101010101010101
000100100110011001100101010101010101010101
000100100110011001100101010101010101010101
000100100110011001100101010101010101010101
000100100110011001100101010101010101010101
000100100110011001100101010101010101010101
000100100110011001100101010101010101010101
000100100110011001100101010101010101010101
000100100110011001100101010101010101010101
000100100110011001100101010101010101010101
000100100110011001100101010101010101010101
000100100110011001100101010101010101010101
000100100110011001100101010101010101010101
000100100110011001100101010101010101010101
000100100110011001100101010101010101010101
000100100110011001100101010101010101010101
000100100110011001100101010101010101010101
000100100110011001100101010101010101010101
000100100110011001100101010101010101010101
000100100110011001100101010101010101010101
000100100110011001100101010101010101010101
000100100110011001100101010101010101010101
000100100110011001100101010101010101010101
000100100110011001100101010101010101010101
000100100110011001100101010101010101010101
000100100110011001100101010101010101010101
000000100110011001100101010101010101010101
000000100110011001100101010101010101010101
000000100110011001100101010101010101010101
000000100110011001100101010101010101010101
000000100110011001100101010101010101010101
000000100110011001100101010101010101010101
000000100110011001100101010101010101010101
000000100110011001100101010101010101010101
000000100110011001100101010101010101010101
000000100110011001100101010101010101010101
000000100110011001100101010101010101010101
000000100110011001100101010101010101010101
000000100110011001100101010101010101010101
000000100110011001100101010101010101010101
000000100110011001100101010101010101010101
000000100110011001100101010101010101010101
000000100110011001010101010101010101010101
000000100110011001010101010101010101010101
000000100110011001010101010101010101010101
000000100110011001010101010101010101010101
000000100110011001010101010101010101010101
000000100110011001010101010101010101010101
000000100110011001010101010101010101010101
000000100110011001010101010101010101010101
000000100110011001010101010101010101010101
000000100110011001010101010101010101010101
000000100110011001010101010101010101010101
000000100110011001010101010101010101010101
000000100110011001010101010101010101010101
000100100110011001010101010101010101010101
010100100110011001010101010101010101010101
010100100110011001010101010101010101010101
010100100110011001010101010101010101010101
010100100110011001010101010101010101010101
010100100101011001010101010101010101010101
010100100101011001010101010101010101010101
010100100101011001010101010101010101010101
010100100101011001010101010101010101010101
010100100101011001010101010101010101010101
010100100101011001010101000101010101010101
010100010101011001010101100101010101100000
010100010101011001010110100101010101100000
010100010101011001010110100101010101100000
010100010101011001010110100101010101100000
010100010101011001010110100101010100100000
010100010101011001010110100101010100100000
010100010101011001010110100101100100100000
010100010101011001010110100101100100100000
010100010101011001010110100101100100100000
010100010101011001010110100101100100100000
010100010101011001010110100101100100100000
010100010101011001010110100101100100100000
010100010101011001010110100101100100100000
010100010101011001010110100101100100100000
010100010101011001010110100101100100100001
010100010101011001010110100101100100100010
010100010101011001010110100101100100100010
010100010101011001010110100101100100100010
010100010101011001010110100101100100100010
010100010101011001010110100101100100100010
010100010101011001010110100101100100100010
010100010101011001010110100101100100100010
010100010101011001010110100101100100100010
010100010101011001010110100101100100010010
010100010101011001010110100101100100010010
010100010101011001010110101001100100010010
010100010101011001010110101001100100010010
010101010101011001010110101001100100010010
010101010101010101010110101001100000000010
010101010101010101010110101001100000000010
010101010101010101010110101001100000000010
010101010101010101010110101001100000000010
010101010101010101010110101001100000000110
010101010101010101010101101001100000000110
010101010101010101010101101001100100000110
010101010101010101010101101001100100000110
010101010101010101010101101001100100000110
010101010101010101010101100101100101000110
010101010101010101010101100101100101000110
010101010101010101010101100101100101000110
010101010101010101010101100101100101000110
010101010101010101010101100101100101001010
010101010101010101010101100101100101001010
010101010101010101010101100101100101001010
010101010101010101010101100101100101001010
010101010101010101010101100101010101001010
010101010101010101010100100101010101001010
010101010101010101010100100101010101001010
010101010101010101010100100101010101001010
010101010101010101010100100101010101001010
010101010101010101010100100101010101001010
010101010101010101010100100101010101001010
010101010101010101010100100101010110001010
010101010101010101010100100101010110001010
010101010101010101010100100101010110001010
010101010101010101010100100101010110001010
010101010101010101010100100101010110001010
010101010101010101010100100101010110001010
010101010101010101010100100101010110001010
010101010101010101010100100101010110001010
010101010101010101010100100101010110001010
010101010101010101010100100101010110001010
010101010101010101010100100101010110001010
010101010101010101010100100101010110001010
010101010101010101010100100101010110001010
010101010101010101010100100101010110001010
010101010101010101010100100101010110001010
010101010101010101010100100101010110001010
010101010101010101010100100101010110001010
010101010101010101010100100101010110001010
010101010101010101010100100101010110001010
010101010101010101010100100101010110001010
010101010101010101010100100101010110001010
010101010101010101010100100101010110001010
010101010101010101010100100101000110001010
010101010101010101010100100101000110001010
010101010101010101010100100101000110001010
010101010101010101010100100101000110001010
010101010101010101010100100101000110001010
010101010101010101010100100101000110001010
010101010101010101010100100101000110001010
010101010101010101010100100101000110001010
010101010101010101010100100101000110001010
010101010101010101010100100101000110001010
010101010101010101010100100101000110001010
010101010101010101010100100101000110001010
010101010101010101010100100101000110001010
010101010101010101010100100101000110001010
010101010101010101010100100101000110001010
010101010001010101010100100101000110001010
010101011001100100010100100101000110001010
010101011001100000010100100110000110001010
010101011001100000010100100110000110001010
010101011001100000010100100110000101001010
010101011000100000010100100110000101001010
010101011000100000010100100110000101001010
010101011000100000010100100110000101001010
010110011000100000010100100110000101001010
010110011000100000010100100110000101001010
010110011000100000010100100110000101001010
010110011000100000010100100110000101001010
010110011000100000010100100110000101001010
010110011000100000010100100110000101001010
010110011000100000010100100110000101001010
010110011000100001010100100110000101001010
010110011000100010010100100110000101001010
010110011000100010010100100110000101001010
010110011000100010010100100110000101001001
010110011000100010010100100110010101001001
010110011000100010010100100110010101001001
010110011000100010010101100110010101001001
010110001000100010010101100110010101001001
010110001000100010010101100110010101001001
010110001000100010010101100110010101001001
010110001000010010010101100110010101000101
010110001000010010010101100110010101000101
010110001000010010010101100110010101000101
100110001000010010010101100110010101000101
100110001000010010010101100110010101000101
100110001000010010010101100110010101000101
100110001000000010010101100110010101000101
100110001000000010010101100110010101000101
100110001000000110010101100110010101000101
100110001000000110010101100101010101000101
100110001000000110010101100101010101000101
100110001000000110010101100101010101000101
010110001000000110010101100101010101000101
010110001001000110010101100101010101000101
010110001001000110010101100101010101000101
010110001001000110010101100101010101000101
010110001001000110010101100101010101000101
010110011001000110010101100101010101000101
010110011001001010010101100101010101000101
010110011001001010010101100101010101000101
010110011001001010010101100101010101000101
010101011001001010010101100101010101000101
010101011001001010010101100101010101000101
010101011001001010010101100101010101000101
010101011001001010010101100101010101000101
010101011001001010010101100100010101000101
010101011001001010010101100100010101000101
010101011001001010010101100100010101000101
010101011001001010010101100100010101000101
010101011010001010010101010100010101000101
010101011010001010010101010100010101000101
010101011010001010010101010100010101010101
010101011010001010010101010100010101010101
010101011010001010010101010100010101010101
010101011010001010010101010100010101010101
010101011010001010010101010100010101010101
010101011010001010010101010100010101010101
010101011010001010010101010100010101010101
010101011010001010010101010100010101010101
010101011010001010010101010100010101010101
010101011010001010010101010100010101010101
010101011010001010010101010100010101010101
010101011010001010010101010100010101010101
010101011010001010010101010100010101010101
010101011010001010010101010100010101010101
010101011010001010010101010100010101010101
010101011010001010010101010100010101010101
010101011010001010010101010100010101010101
010101011010001010010101010100010101010101
010101011010001010010101010100010101010101
010101011010001010010101010100010101010101
010101011010001010010101010100010101010101
010101011010001010010101010100010101010101
010100011010001010010101010100010101010101
010100011010001010010101010100010101010101
010100011010001010010101010100010101010101
010100011010001010010101010100010101010101
010100011010001010010101010100010101010101
010100011010001010010101010100010101010101
010100011010001010010101010100010101010101
010100011010001010010101010100010101010101
010100011010001010010101010100010101010101
010100011010001010010101010100010101010101
010100011010001010010101010100010101010101
010100011010001010010101010100010101010101
010100011010001010010101010100010101010101
010100011010001010010101010100010101010101
010100011010001010010101010100010101010101
010100011010001010010101010100010101010101
010100011010001010010101010100010101010101
010100011010001010010101010100010101010101
010100011010001010010101010100010101010101
010100011010001010010101010100010101010101
010100011001001010010101010100010101010101
010100011001001010010101010100010101010101
010100011001001010010101010100010101010101
010100011001001010010101010100010101010101
010100011001001010010101010100010101010101
010100011001001010010101010100010101010101
010100011001001010010101010100010101010101
010100011001001010010101010100010101010101
010100011001001010010101010100010101010101
010100011001001010010101010100010101010101
010100011001001010010101010100010101010101
010100011001001010010101010100010101010101
010100011001001010010101010100010101010101
010100011001001010010101010101010101010101
010100011001001010010101010101010101010101
010101011001001010010101010101010101010101
010101011001001010010101010101010101010101
010101011001001001010101010101010101010101
010101011001001001010101010101010101010101
010101011001001001010101010101010101010101
010101011001001001010101010101010101010101
010101011001001001010101010101010101010101
010101011001001001010101010101010101010101
010101011001001001010101010101010101010101
010101011001000101010101010101010101010101
010101011001000101010101010101010101010101
010101011001000101010101010101010101010101
010101011001000101010101010101010101010101
010101011001000101010101010101010101010101
010101011001000101010101010101010101010101
010101011001000101010101010101010101010101
010101011001000101010101010101010101010101
010101011001000101010101010101010101010101
010101011001000101010101010101010101010101
010101011001000101010101010101010101010101
010101011001000101010101010101010101010101
010101011001000101010101010101010101010101
010101011001000101010101010101010101010101
010101011001000101010101010101010101010101
010101011001000101010101010101010101010101
010101011001000101010101010101010101010101
010101011001000101010101010101010101010101
010101011001000101010101010101010101010101
010101011001000101010101010101010101010101
010101011001000101010101010101010101010101
010101011001000101010101010101010101010101
010101011001000101010101010101010101010101
010101011001000101010101010101010101010101
010101011001000101010101010101010101010101
010101011001000101010101010101010101010101
010101011001010101010101010101010101010101
010101010101010101010101010101010101010101
010101010101010101010101010101010101010101
010101010101010101010101010101010101010101
010101010101010101010101010101010101010101
010101010101010101010101010101010101010101
010101010101010101010101010101010101010101
010101010101010101010101010101010101010101
010101010101010101010101010101010101010101
010101010101010101010101010101010101010101
010101010101010101010101010101010101010101
010101010101010101010101010101010101010101
010101010101010101010101010101010101010101
010101010101010101010101010101010101010101
010101010101010101010101010101010101010101
010101010101010101010101010101010101010101
010101010101010101010101010101010101010101
010101010101010101010101010101010101010101
010101010101010101010101010101010101010101
010101010101010101010101010101010101010101
010101010101010101010101010101010101010101
010101010101010101010101010101010101010101
010101010101010101010101010101010101010101
010101010101010101010101010101010101010101
010101010101010101010101010101010101010101
010101010101010101010101010101010101010101
010101010101010101010101010101010101010101
010101010101010101010101010101010101010101
010101010101010101010101010101010101010101
010101010101010101010101010101010101010101
010101010101010101010101010101010101010101
010101010101010101010101010101010101010101
010101010101010101010101010101010101010101
010101010101010101010101010101010101010101
010101010101010101010101010101010101010101
010101010101010101010101010101010101010101
010101010101010101010101010101010101010101
010101010101010101010101010101010101010101
010101010101010101010101010101010101010101
010101010101010101010101010101010101010101
010101010101010101010101010101010101010101
010101010101010101010101010101010101010101
010101010101010101010101010101010101010101
