%% v1 v2 v3 v4 v5 v6 v7 v8 v9 v10 v11 v12 v13 v14 v15 v16
11000000000000000000000000000000
00110000000000000000000000000000
00001100000000000000000000000000
00000011000000000000000000000000
00000000110000000000000000000000
00000000001100000000000000000000
00000000000011000000000000000000
00000000000000110000000000000000
00000000000000001100000000000000
00000000000000000011000000000000
00000000000000000000110000000000
00000000000000000000001100000000
00000000000000000000000011000000
00000000000000000000000000110000
00000000000000000000000000001100
00000000000000000000000000000011
%%
01010101010101010101010101010101
01010101010101010101010101010101
01010101010101010101010101010101
01010101010101010101010101010101
01010101010101010101010101010101
01010101010101010101010101010101
01010101010101010101010101010101
01010101010101010101010101010101
01010101010101010101010101010101
01010101010101010101010101010101
01010101010101010101010101010101
01010101010101010101010101010101
01010101010101010101010101010101
01010101010101010101010101010101
01010101010101010101010101010101
01010101010101010101010101010101
01010101010101010101010101010101
01010101010101010101010101010101
01010101010101010101010101010101
01010101010101010101010101010101
01010101010101010101010101010101
01010101010101010101010101010101
01010101010101010101010101010101
01010101010101010101010101010101
01010101010101010101010101010101
01010101010101010101010101010101
01010101010101010101010101010101
01010101010101010101010101010101
01010101010101010101010101010101
01010101010101010101010101010101
01010101010101010101010101010101
01010101010101010101010101010101
01010101010101010101010101010101
01010101010101010101010101010101
01010101010101010101010101010101
01010101010101010101010101010101
01010101010101010101010101010101
01010101010101010101010101010101
01010101010101010101010101010101
01010101010101010101010101010101
01010101010101010101010101010101
01010101010101010101010101010101
01010101010101010101010101010101
01010101010101010101010101010101
01010101010101010101010101010101
01010101010101010101010101010101
01010101010101010101010101010101
01010101010101010101010101010101
01010101010101010101010101010101
01010101010101010101010101010101
01010100010101010101010101010101
01100100000101010101010101010101
01100110000101100101010101010101
01100110000101100101010101010101
01100110000101100101010101010101
01100110000101100101010101010101
01100110000101100101010101010101
01100110001001100101010101010101
01100110001001100101010101010101
01100110001001100101010101010101
01100110001001100101010101010101
01100110001001100101010101010101
01100110001001100101010101010101
01100110001001100101010101010101
01100110001001100101010101010101
01100110001001100101010101010101
01100110001001100101010101010101
01100110001001100101010101010101
01100110001001100101010101010101
01100110001001100101010101010101
01100110001000100101010101010101
01100110001000100101010101010101
01100110001000100101010101010101
01100110001000100101010101010101
01100110001000100101010101010101
01010110001000100101011001010101
01010110001000100101011001010101
01010110001000100101011001010101
01010110001000100101011001010101
01010110001000100101011001010101
01010110001000100101011001010101
01010110001000100101011001010101
01000110001000100101011001010101
01000110001000100101011001010101
01000110011000010101011001010101
01000110011000010101011001010101
01000110011000010101011001010101
01000110011000010101011001010101
01000110011000010101011001010101
01000110011000010101011001010101
01000110011000010101010101010101
01000110011000010101010101010101
01000110011000010101010101010101
01000110011000010101010101010101
01000110101001010101010101010101
01000110101001010101010101010101
01000110101001010101010101010101
01000110100101010101010101010101
01000110100101010101010101010101
01000110100101010101010101010101
01000110100101000101010101010101
01000110100101000101010101010101
01000110100101000101010101010101
01000110100101000101010101010101
01000110100101000101010101010101
01000110100101000101010101010101
01000110100101000101010101010101
01000110100101000101010101010101
01000110100101000101010101010101
01000110100101000101010101010101
01000110100101000101010101010101
01000110100101000101010101010101
01000110100101000101010101010101
01000110100101000101010101010101
01000110100101000101010101010101
01000110100101000101010101010101
01000110100101000101010101010101
01000110100101000101010101010101
01000110100101000101010101010101
01000110100101000101010101010101
01000110100101000101010101010101
01000110100101000101010101010101
01000110100101000101010101010101
01000110100101000101010101010101
01000110100101000101010101010101
01000110100101000101010101010101
01000110100101000101010101010101
01000110100101000101010101010101
01000110100101000101010101010101
01000110100101000101010101010101
01000110100101000101010101010101
01000110100101000101010101010101
01000110100101000101010101010101
01000110100001000101010101010101
01000110100001000101010101010101
01000110100001000101010101010101
01000110100001000101010101010101
01000110100001000101010101010101
01000110100001000101010101010101
01000110100001000101010101010101
01000110100001000101010101010100
01000110100001000101010110010100
01000110100001000101100110000110
01000110100001000101100110000110
01000110100001000101100110000110
01000110100001000101100110000110
01000110100001000101100110000110
01000110100001000101100110000110
01000110100001000101100110000110
01000110100001000101100110000110
01000110100001000101100110000110
01000110100001000101100110000110
01000110100001000101100110000110
01000110100001000101100110000110
01000110100001000101100110000110
01000110100001000101100110000110
01000110100001000101100110000110
01000110100001000101100110000110
01000110100101000101100110000110
01000110100101000101100110000110
01000110100101010101100110000110
01000110100101010101100110000110
01000110100101010101100110000110
01000110100101010101100110000110
01000110100101010101100110000110
01000110100101010101100101000110
01000110100101010101100101000110
01000110100101010101100101000110
01000110100101010101100101000110
01000110100101010101100101000110
01000110100101010101100101000110
01000110010101010101100100000110
01000110010101010101100100000110
01000110010101010101100100000110
01000110010101010101010100000110
01000110010101010101010100010110
01000110010101010101010100010110
01000110010101010101010100010110
01000110010101010101010100010110
01000110010101010101010100010110
01000110010101010101010100010110
01000110010101010101010100010110
01000110010101010101010100010110
01000110010101010101010100010110
01000110010101010101010100010110
01000110010101010101010100010110
01000110010101010101010100010110
01000110010101010101010100100110
01000110010101010101010100100110
01000110010101010101000100100110
01000110010101010101000100100110
01000110010101010101000100100110
01000110010101010101000100100110
01000110010101010101000100100110
01000110010101010101000100100110
01000110010101010101000100100110
01000110010101010101000100100110
01000110010101010101000100100110
01010110010101010101000100100110
01010101010101010101000100100110
01010101010101010101000100100110
01010101010101010101000100100110
01010101010101010101000100100110
01010101010101010101000100100110
01010101010101010101000100100110
01010101010101010101000100100110
01010101010101010101000100100110
01010101010101010101000100100110
01010101010101010101000100100110
01010101010101010101000100100110
01010101010101010101000100100110
01010101010101010101000100100110
01010101010101010101000100100110
01010101010101010101000100100110
01010101010101010101000100100110
01010101010101010101000100100110
01010101010101010101000100100110
01010101010101010101000100100110
01010101010101010101000100100110
01010101010101010101000100100110
01010101010101010101000100100110
01010101010101010101000100100110
01010101010101010101000100100110
01010101010101010101000100100110
01010101010101010101000100100110
01010101010101010101000100100110
01010101010101010101000100100110
01010101010101010101000100100110
01010101010101010101000100100110
01010101010101010101000100100110
01010101010101010101000100100110
01010101010101010101000100100110
01010101010101010101000100100110
01010101010101010101000100100110
01010101010101010101000100100110
01010101010101010101000100100110
01010101010101010101000100100110
01010101010101010101000100100110
01010101010101010101000100100110
01010101010101010101000100100110
01010101010101010101000100100110
01010101010101010101000100100110
01010101010101010101000100100110
01010101010101010101000100100110
01010101010101010101000100100110
01010101010101010101000100100110
01010101010101010101000100100110
01010101010101010101000100100110
01010101010101010101000100100110
01010101010101010101000100100110
01010101010101010101000100100110
01010101010101010101010100100110
01010101010101010101010100010110
01010101010101010101010100010110
01010101010101010101010100010110
01010101010101010101010100010110
01010101010101010101010100010110
01010101010101010101010100010110
01010101010101010101010100010110
01010101010101010101010100010110
01010101010101010101010100010110
01010101010101010101010100010110
01010101010101010101010100010110
01010101010101010101010100010110
01010101010101010101010100010110
01010101010101010101010100010110
01010101010101010101010100010110
01010101010101010101010100010110
01010101010101010101010100010110
01010101010101010101010100010110
01010101010101010101010100010110
01010101010101010101010100010110
01010101010101010101010100010110
01010101010101010101010100010110
01010101010101010101010100010110
01010101010101010101010100010110
01010101010101010101010100010110
01010101010101010101010100010110
01010101010101010101010100010110
01010101010101010101010100010110
01010101010101010101010100010110
01010101010101010101010100010110
01010101010101010101010100010110
01010101010101010101010100010101
01010101010101010101010100010101
01010101010101010101010101010101
01010101010101010101010101010101
01010101010101010101010101010101
01010101010101010101010101010101
01010101010101010101010101010101
01010101010101010101010101010101
01010101010101010101010101010101
01010101010101010101010101010101
01010101010101010101010101010101
01010101010101010101010101010101
01010101010101010101010101010101
01010101010101010101010101010101
01010101010101010101010101010101
01010101010101010101010101010101
01010101010101010101010101010101
01010101010101010101010101010101
01010101010101010101010101010101
01010101010101010101010101010101
01010101010101010101010101010101
01010101010101010101010101010101
01010101010101010101010101010101
01010101010101010101010101010101
01010101010101010101010101010101
01010101010101010101010101010101
01010101010101010101010101010101
01010101010101010101010101010101
01010101010101010101010101010101
01010101010101010101010101010101
01010101010101010101010101010101
01010101010101010101010101010101
01010101010101010101010101010101
01010101010101010101010101010101
01010101010101010101010101010101
01010101010101010101010101010101
01010101010101010101010101010101
01010101010101010101010101010101
01010101010101010101010101010101
01010101010101010101010101010101
01010101010101010101010101010101
01010101010101010101010101010101
01010101010101010101010101010101
01010101010101010101010101010101
01010101010101010101010101010101
01010101010101010101010101010101
01010101010101010101010101010101
01010101010101010101010101010101
01010101010101010101010101010101
01010101010101010101010101010101
01010101010101010101010101010101
01010101010101010101010101010101
01010101010101010101010101010101
01010101010101010101010101010101
01010101010101010101010101010101
01010101010101010101010101010101
01010101010101010101010101010101
01010101010101010101010101010101
01010101010101010101010101010101
01010101010101010101010101010101
01010101010101010101010101010101
01010101010101010101010101010101
01010101010101010101010101010101
01010101010101010101010101010101
01010101010101010101010101010101
01010101010101010101010101010101
01010101010101010101010101010101
01010101010100010101010101010101
01011000010100010101010101010101
10011000010110010101010101010101
10011000010110010101010101010101
10011000010110010101010101010101
10011000010110010101010101010101
10011000010110010101010101010101
10101000010110010101010101010101
10101000010110010101010101010101
10101000010110010101010101010101
10101000010110010101010101010101
10101000010110010101010101010101
10101000010110010101010101010101
10101000010110010101010101010101
10101000010110010101010101010101
10101000010110010101010101010101
10101000010110010101010101010101
10101000010110010101010101010101
10101000010110010101010101010101
10101000010110010101010101010101
10101000010110010101010101010101
10101000000110010101010101010101
10101000000110010101010101010101
10101000000110010101010101010101
10101000000110010101010101010101
10100100000110010101010101010101
10100100000110100101010101010101
10100100000110100101010101010101
10100100000110100101010101010101
10100100000110100101010101010101
10100100000110100101010101010101
10100000000110100101010101010101
10100000000110100101010101010101
10100000000110100101010101010101
01100001000110100101010101010101
01100001000110100101010101010101
01100001000110100101010101010101
01100001000110100101010101010101
01100001000110100101010101010101
01100001000110010101010101010101
01100001000110010101010101010101
01100001000110010101010101010101
01100001000110010101010101010101
01100001000110010101010101010101
01100010010110010101010101010101
01100010010110010101010101010101
01100010010110010101010101010101
01010010010110010101010101010101
01010010010110010101010101010101
01010010010110010101010101010101
00010010010110010101010101010101
00010010010110010101010101010101
00010010010110010101010101010101
00010010010110010101010101010101
00010010010110010101010101010101
00010010010110010101010101010101
00010010010110010101010101010101
00010010010110010101010101010101
00010010010110010101010101010101
00010010010110010101010101010101
00010010010110010101010101010101
00010010010110010101010101010101
00010010010110010101010101010101
00010010010110010101010101010101
00010010010110010101010101010101
00010010010110010101010101010101
00010010010110010101010101010101
00010010010110010101010101010101
00010010010110010101010101010101
00010010010110010101010101010101
00010010010110010101010101010101
00010010010110010101010101010101
00010010010110010101010101010101
00010010010110010101010101010101
00010010010110010101010101010101
00010010010110010101010101010101
00010010010110010101010101010101
00010010010110010101010101010101
00010010010110010101010101010101
00010010010110010101010101010101
00010010010110010101010101010101
00000010010110010101010101010101
00000010010110010101010101010101
00000010010110010101010101010101
00000010010110010101010101010101
00000010010110010101010101010101
00000010010110010101010101010101
00000010010110010101010101010101
00000010010110010101010101010101
00000010010110010101010101010101
00000010010110010101010101010101
00000010010110010101010101010101
00000010010110010101010101010101
00000010010110010101010101010101
00000010010110010101010101010101
00000010010110010101010101010101
00000010010110010101010101010101
00000010010110010101010101010101
00000010010110010101010101010101
00000010010110010101010101010101
00000010010110010101010101010101
00000010010110010101010101010101
00000010010110010101010101010101
00000010010110010101010101010101
00000010010110010101010101010101
00000010010110010101010101010101
00000010010110010101010101010101
00000010010110010101010101010101
00000010010110010101010101010101
00000010010110010101010101010101
00010010010110010101010101010101
01010010010110010101010101010101
01010010010110010101010101010101
01010010010110010101010101010101
01010010010110010101010101010101
01010010010110010101010101010101
01010010010110010101010101010101
01010010010110010101010101010101
01010010010110010101010101010101
01010010010110010101010101010101
01010010010110010100010101010101
01010001010110010100010101011000
01010001010110011010010101011000
01010001010110011010010101011000
01010001010110011010010101011000
01010001010110011010010101011000
01010001010110011010010101011000
01010001010110011010010110011000
01010001010110011010010110011000
01010001010110011010010110011000
01010001010110011010010110011000
01010001010110011010010110011000
01010001010110011010010110011000
01010001010110011010010110011000
01010001010110011010010110011000
01010001010110011010010110011000
01010001010110011010010110011000
01010001010110011010010110011000
01010001010110011010010110011000
01010001010110011010010110011000
01010001010110011010010110011000
01010001010110011010010110011000
01010001010110011010010110011000
01010001010110011010010110011000
01010001010110011010010110010100
01010001010110011010010110010100
01010001010110011010100110010100
01010001010110011010100110010100
01010101010110011010100110010100
01010101010101011010100110000000
01010101010101011010100110000000
01010101010101011010100110000000
01010101010101011010100110000000
01010101010101011010100110000001
01010101010101010110100110000001
01010101010101010110100110010001
01010101010101010110100110010001
01010101010101010110100110010001
01010101010101010110010110010001
01010101010101010110010110010001
01010101010101010110010110010001
01010101010101010110010110010001
01010101010101010110010110010010
01010101010101010110010110010010
01010101010101010110010110010010
01010101010101010110010110010010
01010101010101010110010101010010
01010101010101010010010101010010
01010101010101010010010101010010
01010101010101010010010101010010
01010101010101010010010101010010
01010101010101010010010101010010
01010101010101010010010101010010
01010101010101010010010101010010
01010101010101010010010101010010
01010101010101010010010101010010
01010101010101010010010101010010
01010101010101010010010101010010
01010101010101010010010101010010
01010101010101010010010101010010
01010101010101010010010101010010
01010101010101010010010101010010
01010101010101010010010101010010
01010101010101010010010101010010
01010101010101010010010101010010
01010101010101010010010101010010
01010101010101010010010101010010
01010101010101010010010101010010
01010101010101010010010101010010
01010101010101010010010101010010
01010101010101010010010101010010
01010101010101010010010101010010
01010101010101010010010101010010
01010101010101010010010101010010
01010101010101010010010101010010
01010101010101010010010100010010
01010101010101010010010100010010
01010101010101010010010100010010
01010101010101010010010100010010
01010101010101010010010100010010
01010101010101010010010100010010
01010101010101010010010100010010
01010101010101010010010100010010
01010101010101010010010100010010
01010101010101010010010100010010
01010101010101010010010100010010
01010101010101010010010100010010
01010101010101010010010100010010
01010101010101010010010100010010
01010101010101010010010100010010
01010101000101010010010100010010
01010101001001010010010100010010
01010101101000010010011000010010
01010101101000010010011000010010
01010101101000010010011000010010
01010101101000010010011000010010
01010101101000010010011000010010
01010101101000010010011000010010
01011001101000010010011000010010
01011001101000010010011000010010
01011001101000010010011000010010
01011001101000010010011000010010
01011001101000010010011000010010
01011001101000010010011000010010
01011001101000010010011000010010
01011001101000010010011000010010
01011001101000010010011000010010
01011001101000010010011000010010
01011001101000010010011000010010
01011001101000010010011001010010
01011001101000010010011001010010
01011001101000010110011001010010
01011000101000010110011001010010
01011000101000010110011001010010
01011000101000010110011001010010
01011000100100010110011001010001
01011000100100010110011001010001
01011000100100010110011001010001
10011000100100010110011001010001
10011000100100010110011001010001
10011000100100010110011001010001
10011000100000010110011001010001
10011000100000010110011001010001
10011000100001010110011001010001
10011000100001010110010101010001
10011000100001010110010101010001
10011000100001010110010101010001
01011000100001010110010101010001
01011000100001010110010101010001
01011000100001010110010101010001
01011000100001010110010101010001
01011000100001010110010101010001
01011001100001010110010101010001
01011001100010010110010101010001
01011001100010010110010101010001
01011001100010010110010101010001
01010101100010010110010101010001
01010101100010010110010101010001
01010101100010010110010101010001
01010101100010010110010101010001
01010101100010010110010001010001
01010101100010010110010001010001
01010101100010010110010001010001
01010101100010010110010001010001
01010101100010010101010001010001
01010101100010010101010001010001
01010101100010010101010001010101
01010101100010010101010001010101
01010101100010010101010001010101
01010101100010010101010001010101
01010101100010010101010001010101
01010101100010010101010001010101
01010101100010010101010001010101
01010101100010010101010001010101
01010101100010010101010001010101
01010101100010010101010001010101
01010101100010010101010001010101
01010101100010010101010001010101
01010101100010010101010001010101
01010101100010010101010001010101
01010101100010010101010001010101
01010101100010010101010001010101
01010101100010010101010001010101
01010101100010010101010001010101
01010101100010010101010001010101
01010101100010010101010001010101
01010101100010010101010001010101
01010101100010010101010001010101
01010001100010010101010001010101
01010001100010010101010001010101
01010001100010010101010001010101
01010001100010010101010001010101
01010001100010010101010001010101
01010001100010010101010001010101
01010001100010010101010001010101
01010001100010010101010001010101
01010001100010010101010001010101
01010001100010010101010001010101
01010001100010010101010001010101
01010001100010010101010001010101
01010001100010010101010001010101
01010001100010010101010001010101
01010001100010010101010001010101
01010001100010010101010001010101
01010001100010010101010001010101
01010001100010010101010001010101
01010001100010010101010001010101
01010001100010010101010001010101
01010001100010010101010001010101
01010001100010010101010001010101
01010001100010010101010001010101
01010001100010010101010001010101
01010001100010010101010001010101
01010001100010010101010001010101
01010001100010010101010001010101
01010001100010010101010001010101
01010001100010010101010001010101
01010001100010010101010001010101
01010001100010010101010001010101
01010001100010010101010001010101
01010001100010010101010001010101
01010001100010010101010101010101
01010001100010010101010101010101
01010101100010010101010101010101
01010101100010010101010101010101
01010101100010010101010101010101
01010101100010010101010101010101
01010101100010010101010101010101
01010101100010010101010101010101
01010101100010010101010101010101
01010101100010010101010101010101
01010101100010010101010101010101
01010101100001010101010101010101
01010101100001010101010101010101
01010101100001010101010101010101
01010101100001010101010101010101
01010101100001010101010101010101
01010101100001010101010101010101
01010101100001010101010101010101
01010101100001010101010101010101
01010101100001010101010101010101
01010101100001010101010101010101
01010101100001010101010101010101
01010101100001010101010101010101
01010101100001010101010101010101
01010101100001010101010101010101
01010101100001010101010101010101
01010101100001010101010101010101
01010101100001010101010101010101
01010101100001010101010101010101
01010101100001010101010101010101
01010101100001010101010101010101
01010101100001010101010101010101
01010101100001010101010101010101
01010101100001010101010101010101
01010101100001010101010101010101
01010101100001010101010101010101
01010101100001010101010101010101
01010101100101010101010101010101
01010101010101010101010101010101
01010101010101010101010101010101
01010101010101010101010101010101
01010101010101010101010101010101
01010101010101010101010101010101
01010101010101010101010101010101
01010101010101010101010101010101
01010101010101010101010101010101
01010101010101010101010101010101
01010101010101010101010101010101
01010101010101010101010101010101
01010101010101010101010101010101
01010101010101010101010101010101
01010101010101010101010101010101
01010101010101010101010101010101
01010101010101010101010101010101
01010101010101010101010101010101
01010101010101010101010101010101
01010101010101010101010101010101
01010101010101010101010101010101
01010101010101010101010101010101
01010101010101010101010101010101
01010101010101010101010101010101
01010101010101010101010101010101
01010101010101010101010101010101
01010101010101010101010101010101
01010101010101010101010101010101
01010101010101010101010101010101
01010101010101010101010101010101
01010101010101010101010101010101
01010101010101010101010101010101
01010101010101010101010101010101
01010101010101010101010101010101
01010101010101010101010101010101
01010101010101010101010101010101
01010101010101010101010101010101
01010101010101010101010101010101
01010101010101010101010101010101
01010101010101010101010101010101
01010101010101010101010101010101
01010101010101010101010101010101
