%% A AA AAA AAAA AAAB AAA_AABBA AAB AABBA AAB_AAAB AA_AAAA AB ABA ABB ABBBBA ABB_BAB B BA BAA BAAB BAA_BBBABA BAB BB BBA BBB BBBABA BBB_ABBBBA
1100000000000000000000000000000000000000000000000000
0011000000000000000000000000000000000000000000000000
0000110000000000000000000000000000000000000000000000
0000001100000000000000000000000000000000000000000000
0000000011000000000000000000000000000000000000000000
0000000000110000000000000000000000000000000000000000
0000000000001100000000000000000000000000000000000000
0000000000000011000000000000000000000000000000000000
0000000000000000110000000000000000000000000000000000
0000000000000000001100000000000000000000000000000000
0000000000000000000011000000000000000000000000000000
0000000000000000000000110000000000000000000000000000
0000000000000000000000001100000000000000000000000000
0000000000000000000000000011000000000000000000000000
0000000000000000000000000000110000000000000000000000
0000000000000000000000000000001100000000000000000000
0000000000000000000000000000000011000000000000000000
0000000000000000000000000000000000110000000000000000
0000000000000000000000000000000000001100000000000000
0000000000000000000000000000000000000011000000000000
0000000000000000000000000000000000000000110000000000
0000000000000000000000000000000000000000001100000000
0000000000000000000000000000000000000000000011000000
0000000000000000000000000000000000000000000000110000
0000000000000000000000000000000000000000000000001100
0000000000000000000000000000000000000000000000000011
%%
0101010101010101010101010101010101010101010101010101
0101010101010101010101010101010101010101010101010101
0101010101010101010101010101010101010101010101010101
0101010101010101010101010101010101010101010101010101
0101010101010101010101010101010101010101010101010101
0101010101010101010101010101010101010101010101010101
0101010101010101010101010101010101010101010101010101
0101010101010101010101010101010101010101010101010101
0101010101010101010101010101010101010101010101010101
0101010101010101010101010101010101010101010101010101
0101010101010101010101010101010101010101010101010101
0101010101010101010101010101010101010101010101010101
0101010101010101010101010101010101010101010101010101
0101010101010101010101010101010101010101010101010101
0101010101010101010101010101010101010101010101010101
0101010101010101010101010101010101010101010101010101
0101010101010101010101010101010101010101010101010101
0101010101010101010101010101010101010101010101010101
0101010101010101010101010101010101010101010101010101
0101010101010101010101010101010101010101010101010101
0101010101010101010101010101010101010101010101010101
0101010101010101010101010101010101010101010101010101
0101010101010101010101010101010101010101010101010101
0101010101010101010101010101010101010101010101010101
0101010101010101010101010101010101010101010101010101
0101010101010101010101010101010101010101010101010101
0101010101010101010101010101010101010101010101010101
0101010101010101010101010101010101010101010101010101
0101010101010101010101010101010101010101010101010101
0101010101010101010101010101010101010101010101010101
0101010101010101010101010101010101010101010101010101
0101010101010101010101010101010101010101010101010101
0101010101010101010101010101010101010101010101010101
0101010101010101010101010101010101010101010101010101
0101010101010101010101010101010101010101010101010101
0101010101010101010101010101010101010101010101010101
0101010101010101010101010101010101010101010101010101
0101010101010101010101010101010101010101010101010101
0101010101010101010101010101010101010101010101010101
0101010101010101010101010101010101010101010101010101
0101010101010101010101010101010101010101010101010101
0101010101010101010101010101010101010101010101010101
0101010101010101010101010101010101010101010101010101
0101010101010101010101010101010101010101010101010101
0101010101010101010101010101010101010101010101010101
0101010101010101010101010101010101010101010101010101
0101010101010101010101010101010101010101010101010101
0101010101010101010101010101010101010101010101010101
0101010101010101010101010101010101010101010101010101
0101010101010101010101010101010101010101010101010101
0101010001010101010101010101010101010101010101010101
0110011000010101010001010101010101010101010101010101
0110011000010101010010010101010101010101010101010101
0110011000010101010010010101010101010101010101010101
0110011000010101010010010101010101010101010101010101
0110011000010101000010010101010101010101010101010101
0110011000010101000010010101010101010101010101010101
0110011000011001000010010101010101010101010101010101
0110011000011001000010010101010101010101010101010101
0110011000011001000010010101010101010101010101010101
0110011000011001000010010101010101010101010101010101
0110011000011001000010010101010101010101010101010101
0110011000011001000010010101010101010101010101010101
0110011000011001000010010101010101010101010101010101
0110011000011001000010010101010101010101010101010101
0110011000011001000110010101010101010101010101010101
0110011000011001001010010101010101010101010101010101
0110011000011001001010010101010101010101010101010101
0110011000011001001010010101010101010101010101010101
0110011000011001001010010101010101010101010101010101
0110011000011000001010010101010101010101010101010101
0110011000011000001010010101010101010101010101010101
0110011000011000001010010101010101010101010101010101
0110011000011000001010010101010101010101010101010101
0110011000011000001010010101010101010101010101010101
0101011000011000001010010101010110010101010101010101
0101011000011000001010010101010110010101010101010101
0101011000011000001010010101010110010101010101010101
0101011000011000001010010101010110010101010101010101
0101011000011000001010010101010110010101010101010101
0101011000011000001010010101010110010101010101010101
0101011000011000001010010101010110010101010101010101
0100011000011000001010010101010110010101010101010101
0100011000011000001010010101010110010101010101010101
0100011001011000001001010101010110010101010101010101
0100011001011000001001010101010110010101010101010101
0100011001011000001001010101010110010101010101010101
0100011001011000001001010101010110010101010101010101
0100011001011000001001010101010110010101010101010101
0100011001011000011001010101010110010101010101010101
0100011001011000011001010101010101010101010101010101
0100011001011000011001010101010101010101010101010101
0100011001011000011001010101010101010101010101010101
0100011001011000011001010101010101010101010101010101
0100011010011001011001010101010101010101010101010101
0100011010011001011001010101010101010101010101010101
0100011010011001011001010101010101010101010101010101
0100011010010101011001010101010101010101010101010101
0100011010010101011001010101010101010101010101010101
0100011010010101011001010101010101010101010101010101
0100011010010101011000010101010101010101010101010101
0100011010010101011000010101010101010101010101010101
0100011010010101011000010101010101010101010101010101
0100011010010101011000010101010101010101010101010101
0100011010010101011000010101010101010101010101010101
0100011010010101101000010101010101010101010101010101
0100011010010101101000010101010101010101010101010101
0100011010010101101000010101010101010101010101010101
0100011010010101101000010101010101010101010101010101
0100011010010101101000010101010101010101010101010101
0100011010010101101000010101010101010101010101010101
0100011010010101101000010101010101010101010101010101
0100011010010101101000010101010101010101010101010101
0100011010010101101000010101010101010101010101010101
0100011010010101101000010101010101010101010101010101
0100011010010101101000010101010101010101010101010101
0100011010010101101000010101010101010101010101010101
0100011010010101101000010101010101010101010101010101
0100011010010101101000010101010101010101010101010101
0100011010010101101000010101010101010101010101010101
0100011010010101101000010101010101010101010101010101
0100011010010101101000010101010101010101010101010101
0100011010010101101000010101010101010101010101010101
0100011010010101101000010101010101010101010101010101
0100011010010101101000010101010101010101010101010101
0100011010010101101000010101010101010101010101010101
0100011010010101101000010101010101010101010101010101
0100011010010101101000010101010101010101010101010101
0100011010010101101000010101010101010101010101010101
0100011010010101101000010101010101010101010101010101
0100011010010101101000010101010101010101010101010101
0100011010010101101000010101010101010101010101010101
0100011010010101101000010101010101010101010101010101
0100011010010001101000010101010101010101010101010101
0100011010010001101000010101010101010101010101010101
0100011010010001101000010101010101010101010101010101
0100011010010001101000010101010101010101010101010101
0100011010010001101000010101010101010101010101010101
0100011010010001101000010101010101010101010101010101
0100011010010001101000010101010101010101010101010101
0100011010010001101000010101010101010101010101010001
0100011010010001101000010101010101100100010101011001
0100011010010001101000010101011001100000010101011001
0100011010010001101000010101011001100000010101011001
0100011010010001101000010101011001100000010101011001
0100011010010001101000010101011001100000010101011001
0100011010010001101000010101011001100000010101011001
0100011010010001011000010101011001100000010101011001
0100011010010001011000010101011001100000010101011001
0100011010010001011000010101011001100000010101011001
0100011010010001011000010101011001100000010101011001
0100011010010001011000010101011001100000010101011001
0100011010010001011000010101011001100000010101011001
0100011010010001011000010101011001100000010101011001
0100011010010001011000010101011001100000010101011001
0100011010010001011000010101011001100001010101011001
0100011010010001011000010101011001100010010101011001
0100011010010001011000010101011001100010010101011001
0100011010010101011000010101011001100010010101011001
0100011010010101011000010101011001100010010101011001
0100011010010101011001010101011001100010010101011001
0100011010010101011001010101011001100010010101011001
0100011010010101011001010101011001100010010101011001
0100011010010101011001010101011001100010010101011001
0100011010010101011001010101011001100010010101011001
0100011010010101010101010101011001010010010101011001
0100011010010101010101010101011001010010010101011001
0100011010010101010101010101011001010010010101011001
0100011010010101010101010101011001010010010101011001
0100011010010101010101010101011001010010010101011001
0100011010010101010101010101011001010010010101011001
0100011001010101010101010101011001000010010101011001
0100011001010101010101010101011001000010010101011001
0100011001010101010101010101011001000010010101011001
0100011001010101010101010101010101000010010101011001
0100011001010101010101010101010101000110010101011001
0100011001010101010101010101010101000110010101011001
0100011001010101010101010101010101000110010101011001
0100011001010101010101010101010101000110010101011001
0100011001010101010101010101010101000110010101011001
0100011001010101010101010101010101000110010101011001
0100011001010101010101010101010101000110010101011001
0100011001010101010101010101010101000110010101011001
0100011001010101010101010101010101000110010101011001
0100011001010101010101010101010101000110010101011001
0100011001010101010101010101010101000110010101011001
0100011001010101010101010101010101000110010101011001
0100011001010101010101010101010101001010010101011001
0100011001010101010101010101010101001010010101011001
0100011001010101010101010101010001001010010101011001
0100011001010101010101010101010001001010010101011001
0100011001010101010101010101010001001010010101011001
0100011001010101010101010101010001001010010101011001
0100011001010101010101010101010001001010010101011001
0100011001010101010101010101010001001010010101011001
0100011001010101010101010101010001001010010101011001
0100011001010101010101010101010001001010010101011001
0100011001010101010101010101010001001010010101011001
0101011001010101010101010101010001001010010101011001
0101010101010101010101010101010001001010010101011001
0101010101010101010101010101010001001010010101011001
0101010101010101010101010101010001001010010101011001
0101010101010101010101010101010001001010010101011001
0101010101010101010101010101010001001010010101011001
0101010101010101010101010101010001001010010101011001
0101010101010101010101010101010001001010010101011001
0101010101010101010101010101010001001010010101011001
0101010101010101010101010101010001001010010101011001
0101010101010101010101010101010001001010010101011001
0101010101010101010101010101010001001010010101011001
0101010101010101010101010101010001001010010101011001
0101010101010101010101010101010001001010010101011001
0101010101010101010101010101010001001010010101011001
0101010101010101010101010101010001001010010101011001
0101010101010101010101010101010001001010010101011001
0101010101010101010101010101010001001010010101011001
0101010101010101010101010101010001001010010101011001
0101010101010101010101010101010001001010010101011001
0101010101010101010101010101010001001010010101011001
0101010101010101010101010101010001001010010101011001
0101010101010101010101010101010001001010010101011001
0101010101010101010101010101010001001010010101011001
0101010101010101010101010101010001001010010101011001
0101010101010101010101010101010001001010010101011001
0101010101010101010101010101010001001010010101011001
0101010101010101010101010101010001001010010101011001
0101010101010101010101010101010001001010010101011001
0101010101010101010101010101010001001010010101011001
0101010101010101010101010101010001001010010101011001
0101010101010101010101010101010001001010010101011001
0101010101010101010101010101010001001010010101011001
0101010101010101010101010101010001001010010101011001
0101010101010101010101010101010001001010010101011001
0101010101010101010101010101010001001010010101011001
0101010101010101010101010101010001001010010101011001
0101010101010101010101010101010001001010010101011001
0101010101010101010101010101010001001010010101011001
0101010101010101010101010101010001001010010101011001
0101010101010101010101010101010001001010010101011001
0101010101010101010101010101010001001010010101011001
0101010101010101010101010101010001001010010101011001
0101010101010101010101010101010001001010010101011001
0101010101010101010101010101010001001010010101011001
0101010101010101010101010101010001001010010101011001
0101010101010101010101010101010001001010010101011001
0101010101010101010101010101010001001010010101011001
0101010101010101010101010101010001001010010101011001
0101010101010101010101010101010001001010010101011001
0101010101010101010101010101010001001010010101011001
0101010101010101010101010101010001001010010101011001
0101010101010101010101010101010001001010010101011001
0101010101010101010101010101010101001001010101011001
0101010101010101010101010101010101000101010101011001
0101010101010101010101010101010101000101010101011001
0101010101010101010101010101010101000101010101011001
0101010101010101010101010101010101000101010101011001
0101010101010101010101010101010101000101010101011001
0101010101010101010101010101010101000101010101011001
0101010101010101010101010101010101000101010101011001
0101010101010101010101010101010101000101010101011001
0101010101010101010101010101010101000101010101011001
0101010101010101010101010101010101000101010101011001
0101010101010101010101010101010101000101010101011001
0101010101010101010101010101010101000101010101011001
0101010101010101010101010101010101000101010101011001
0101010101010101010101010101010101000101010101011001
0101010101010101010101010101010101000101010101011001
0101010101010101010101010101010101000101010101011001
0101010101010101010101010101010101000101010101011001
0101010101010101010101010101010101000101010101011001
0101010101010101010101010101010101000101010101011001
0101010101010101010101010101010101000101010101011001
0101010101010101010101010101010101000101010101011001
0101010101010101010101010101010101000101010101011001
0101010101010101010101010101010101000101010101011001
0101010101010101010101010101010101000101010101011001
0101010101010101010101010101010101000101010101011001
0101010101010101010101010101010101000101010101011001
0101010101010101010101010101010101000101010101011001
0101010101010101010101010101010101000101010101011001
0101010101010101010101010101010101000101010101011001
0101010101010101010101010101010101000101010101011001
0101010101010101010101010101010101000101010101011001
0101010101010101010101010101010101000101010101010101
0101010101010101010101010101010101000101010101010101
0101010101010101010101010101010101010101010101010101
0101010101010101010101010101010101010101010101010101
0101010101010101010101010101010101010101010101010101
0101010101010101010101010101010101010101010101010101
0101010101010101010101010101010101010101010101010101
0101010101010101010101010101010101010101010101010101
0101010101010101010101010101010101010101010101010101
0101010101010101010101010101010101010101010101010101
0101010101010101010101010101010101010101010101010101
0101010101010101010101010101010101010101010101010101
0101010101010101010101010101010101010101010101010101
0101010101010101010101010101010101010101010101010101
0101010101010101010101010101010101010101010101010101
0101010101010101010101010101010101010101010101010101
0101010101010101010101010101010101010101010101010101
0101010101010101010101010101010101010101010101010101
0101010101010101010101010101010101010101010101010101
0101010101010101010101010101010101010101010101010101
0101010101010101010101010101010101010101010101010101
0101010101010101010101010101010101010101010101010101
0101010101010101010101010101010101010101010101010101
0101010101010101010101010101010101010101010101010101
0101010101010101010101010101010101010101010101010101
0101010101010101010101010101010101010101010101010101
0101010101010101010101010101010101010101010101010101
0101010101010101010101010101010101010101010101010101
0101010101010101010101010101010101010101010101010101
0101010101010101010101010101010101010101010101010101
0101010101010101010101010101010101010101010101010101
0101010101010101010101010101010101010101010101010101
0101010101010101010101010101010101010101010101010101
0101010101010101010101010101010101010101010101010101
0101010101010101010101010101010101010101010101010101
0101010101010101010101010101010101010101010101010101
0101010101010101010101010101010101010101010101010101
0101010101010101010101010101010101010101010101010101
0101010101010101010101010101010101010101010101010101
0101010101010101010101010101010101010101010101010101
0101010101010101010101010101010101010101010101010101
0101010101010101010101010101010101010101010101010101
0101010101010101010101010101010101010101010101010101
0101010101010101010101010101010101010101010101010101
0101010101010101010101010101010101010101010101010101
0101010101010101010101010101010101010101010101010101
0101010101010101010101010101010101010101010101010101
0101010101010101010101010101010101010101010101010101
0101010101010101010101010101010101010101010101010101
0101010101010101010101010101010101010101010101010101
0101010101010101010101010101010101010101010101010101
0101010101010101010101010101010101010101010101010101
0101010101010101010101010101010101010101010101010101
0101010101010101010101010101010101010101010101010101
0101010101010101010101010101010101010101010101010101
0101010101010101010101010101010101010101010101010101
0101010101010101010101010101010101010101010101010101
0101010101010101010101010101010101010101010101010101
0101010101010101010101010101010101010101010101010101
0101010101010101010101010101010101010101010101010101
0101010101010101010101010101010101010101010101010101
0101010101010101010101010101010101010101010101010101
0101010101010101010101010101010101010101010101010101
0101010101010101010101010101010101010101010101010101
0101010101010101010101010101010101010101010101010101
0101010101010101010101010101010101010101010101010101
0101010101010101010101010101010101010101010101010101
0101010101010100010101010101010101010101010101010101
0101100001000110010101010101010101010101010101010101
1001100001000110010101010101010101010101010101010101
1001100001000110010101010101010101010101010101010101
1001100001000110010101010101010101010101010101010101
1001100001000110010001010101010101010101010101010101
1001100001000110010001010101010101010101010101010101
1010100001000110010001010101010101010101010101010101
1010100001000110010001010101010101010101010101010101
1010100001000110010001010101010101010101010101010101
1010100001000110010001010101010101010101010101010101
1010100001000110010001010101010101010101010101010101
1010100001000110010001010101010101010101010101010101
1010100001000110010001010101010101010101010101010101
1010100001000110010001010101010101010101010101010101
1010100001010110010001010101010101010101010101010101
1010100001100110010001010101010101010101010101010101
1010100001100110010001010101010101010101010101010101
1010100001100110010001010101010101010101010101010101
1010100001100110010001010101010101010101010101010101
1010100001100110010001010101010101010101010101010101
1010100000100110010001010101010101010101010101010101
1010100000100110010001010101010101010101010101010101
1010100000100110010001010101010101010101010101010101
1010100000100110010001010101010101010101010101010101
1010010000100110010001010101010101010101010101010101
1010010000100110010010010101010101010101010101010101
1010010000100110010010010101010101010101010101010101
1010010000100110010010010101010101010101010101010101
1010010000100110010010010101010101010101010101010101
1010010000100110010010010101010101010101010101010101
1010000000100110010010010101010101010101010101010101
1010000000100110010010010101010101010101010101010101
1010000000100110010010010101010101010101010101010101
0110000100100110010010010101010101010101010101010101
0110000100100110010010010101010101010101010101010101
0110000100100110010010010101010101010101010101010101
0110000100100110010010010101010101010101010101010101
0110000100100110010010010101010101010101010101010101
0110000100100110010101010101010101010101010101010101
0110000100100110010101010101010101010101010101010101
0110000100100110010101010101010101010101010101010101
0110000100100110010101010101010101010101010101010101
0110000100100110010101010101010101010101010101010101
0110001001100110010101010101010101010101010101010101
0110001001100110010101010101010101010101010101010101
0110001001100110010101010101010101010101010101010101
0101001001100110010101010101010101010101010101010101
0101001001100110010101010101010101010101010101010101
0101001001100110010101010101010101010101010101010101
0001001001100110010101010101010101010101010101010101
0001001001100110010101010101010101010101010101010101
0001001001100110010101010101010101010101010101010101
0001001001100110010101010101010101010101010101010101
0001001001100110010101010101010101010101010101010101
0001001001100110011001010101010101010101010101010101
0001001001100110011001010101010101010101010101010101
0001001001100110011001010101010101010101010101010101
0001001001100110011001010101010101010101010101010101
0001001001100110011001010101010101010101010101010101
0001001001100110011001010101010101010101010101010101
0001001001100110011001010101010101010101010101010101
0001001001100110011001010101010101010101010101010101
0001001001100110011001010101010101010101010101010101
0001001001100110011001010101010101010101010101010101
0001001001100110011001010101010101010101010101010101
0001001001100110011001010101010101010101010101010101
0001001001100110011001010101010101010101010101010101
0001001001100110011001010101010101010101010101010101
0001001001100110011001010101010101010101010101010101
0001001001100110011001010101010101010101010101010101
0001001001100110011001010101010101010101010101010101
0001001001100110011001010101010101010101010101010101
0001001001100110011001010101010101010101010101010101
0001001001100110011001010101010101010101010101010101
0001001001100110011001010101010101010101010101010101
0001001001100110011001010101010101010101010101010101
0001001001100110011001010101010101010101010101010101
0001001001100110011001010101010101010101010101010101
0001001001100110011001010101010101010101010101010101
0001001001100110011001010101010101010101010101010101
0000001001100110011001010101010101010101010101010101
0000001001100110011001010101010101010101010101010101
0000001001100110011001010101010101010101010101010101
0000001001100110011001010101010101010101010101010101
0000001001100110011001010101010101010101010101010101
0000001001100110011001010101010101010101010101010101
0000001001100110011001010101010101010101010101010101
0000001001100110011001010101010101010101010101010101
0000001001100110011001010101010101010101010101010101
0000001001100110011001010101010101010101010101010101
0000001001100110011001010101010101010101010101010101
0000001001100110011001010101010101010101010101010101
0000001001100110011001010101010101010101010101010101
0000001001100110011001010101010101010101010101010101
0000001001100110011001010101010101010101010101010101
0000001001100110011001010101010101010101010101010101
0000001001100110010101010101010101010101010101010101
0000001001100110010101010101010101010101010101010101
0000001001100110010101010101010101010101010101010101
0000001001100110010101010101010101010101010101010101
0000001001100110010101010101010101010101010101010101
0000001001100110010101010101010101010101010101010101
0000001001100110010101010101010101010101010101010101
0000001001100110010101010101010101010101010101010101
0000001001100110010101010101010101010101010101010101
0000001001100110010101010101010101010101010101010101
0000001001100110010101010101010101010101010101010101
0000001001100110010101010101010101010101010101010101
0000001001100110010101010101010101010101010101010101
0001001001100110010101010101010101010101010101010101
0101001001100110010101010101010101010101010101010101
0101001001100110010101010101010101010101010101010101
0101001001100110010101010101010101010101010101010101
0101001001100110010101010101010101010101010101010101
0101001001010110010101010101010101010101010101010101
0101001001010110010101010101010101010101010101010101
0101001001010110010101010101010101010101010101010101
0101001001010110010101010101010101010101010101010101
0101001001010110010101010101010101010101010101010101
0101001001010110010101010100010101010101010101010101
0101000101010110010101010110010101010101010101100000
0101000101010110010101100110010101010101010101100000
0101000101010110010101100110010101010101010101100000
0101000101010110010101100110010101010101010101100000
0101000101010110010101100110010101010100010101100000
0101000101010110010101100110010101010100010101100000
0101000101010110010101100110010101100100010101100000
0101000101010110010101100110010101100100010101100000
0101000101010110010101100110010101100100010101100000
0101000101010110010101100110010101100100010101100000
0101000101010110010101100110010101100100010101100000
0101000101010110010101100110010101100100010101100000
0101000101010110010101100110010101100100010101100000
0101000101010110010101100110010101100100010101100000
0101000101010110010101100110010101100100010101100001
0101000101010110010101100110010101100100010101100010
0101000101010110010101100110010101100100010101100010
0101000101010110010101100110010101100100010101100010
0101000101010110010101100110010101100100010101100010
0101000101010110010101100110010101100100010101100010
0101000101010110010101100110010101100100010101100010
0101000101010110010101100110010101100100010101100010
0101000101010110010101100110010101100100010101100010
0101000101010110010101100110010101100100010101010010
0101000101010110010101100110010101100100010101010010
0101000101010110010101100110011001100100010101010010
0101000101010110010101100110011001100100010101010010
0101010101010110010101100110011001100100010101010010
0101010101010101010101100110011001100000010101000010
0101010101010101010101100110011001100000010101000010
0101010101010101010101100110011001100000010101000010
0101010101010101010101100110011001100000010101000010
0101010101010101010101100110011001100000010101000110
0101010101010101010101010110011001100000010101000110
0101010101010101010101010110011001100100010101000110
0101010101010101010101010110011001100100010101000110
0101010101010101010101010110011001100100010101000110
0101010101010101010101010110010101100101010101000110
0101010101010101010101010110010101100101010101000110
0101010101010101010101010110010101100101010101000110
0101010101010101010101010110010101100101010101000110
0101010101010101010101010110010101100101010101001010
0101010101010101010101010110010101100101010101001010
0101010101010101010101010110010101100101010101001010
0101010101010101010101010110010101100101010101001010
0101010101010101010101010110010101010101010101001010
0101010101010101010101000110010101010101010101001010
0101010101010101010101000110010101010101010101001010
0101010101010101010101000110010101010101010101001010
0101010101010101010101000110010101010101010101001010
0101010101010101010101000110010101010101010101001010
0101010101010101010101000110010101010101010101001010
0101010101010101010101000110010101010110010101001010
0101010101010101010101000110010101010110010101001010
0101010101010101010101000110010101010110010101001010
0101010101010101010101000110010101010110010101001010
0101010101010101010101000110010101010110010101001010
0101010101010101010101000110010101010110010101001010
0101010101010101010101000110010101010110010101001010
0101010101010101010101000110010101010110010101001010
0101010101010101010101000110010101010110010101001010
0101010101010101010101000110010101010110010101001010
0101010101010101010101000110010101010110010101001010
0101010101010101010101000110010101010110010101001010
0101010101010101010101000110010101010110010101001010
0101010101010101010101000110010101010110010101001010
0101010101010101010101000110010101010110010101001010
0101010101010101010101000110010101010110010101001010
0101010101010101010101000110010101010110010101001010
0101010101010101010101000110010101010110010101001010
0101010101010101010101000110010101010110010101001010
0101010101010101010101000110010101010110010101001010
0101010101010101010101000110010101010110010101001010
0101010101010101010101000110010101010110010101001010
0101010101010101010101000110010101000110010101001010
0101010101010101010101000110010101000110010101001010
0101010101010101010101000110010101000110010101001010
0101010101010101010101000110010101000110010101001010
0101010101010101010101000110010101000110010101001010
0101010101010101010101000110010101000110010101001010
0101010101010101010101000110010101000110010101001010
0101010101010101010101000110010101000110010101001010
0101010101010101010101000110010101000110010101001010
0101010101010101010101000110010101000110010101001010
0101010101010101010101000110010101000110010101001010
0101010101010101010101000110010101000110010101001010
0101010101010101010101000110010101000110010101001010
0101010101010101010101000110010101000110010101001010
0101010101010101010101000110010101000110010101001010
0101010100010101010101000110010101000110010101001010
0101010110011001000101000110010101000110010101001010
0101010110011000000101000110010110000110010101001010
0101010110011000000101000110010110000110010101001010
0101010110011000000101000110010110000101010101001010
0101010110001000000101000110010110000101010101001010
0101010110001000000101000110010110000101010101001010
0101010110001000000101000110010110000101010101001010
0101100110001000000101000110010110000101010101001010
0101100110001000000101000110010110000101010101001010
0101100110001000000101000110010110000101010101001010
0101100110001000000101000110010110000101010101001010
0101100110001000000101000110010110000101010101001010
0101100110001000000101000110010110000101010101001010
0101100110001000000101000110010110000101010101001010
0101100110001000010101000110010110000101010101001010
0101100110001000100101000110010110000101010101001010
0101100110001000100101000110010110000101010101001010
0101100110001000100101000110010110000101010101001001
0101100110001000100101000110010110010101010101001001
0101100110001000100101000110010110010101010101001001
0101100110001000100101010110010110010101010101001001
0101100010001000100101010110010110010101010101001001
0101100010001000100101010110010110010101010101001001
0101100010001000100101010110010110010101010101001001
0101100010000100100101010110010110010101010101000101
0101100010000100100101010110010110010101010101000101
0101100010000100100101010110010110010101010101000101
1001100010000100100101010110010110010101010101000101
1001100010000100100101010110010110010101010101000101
1001100010000100100101010110010110010101010101000101
1001100010000000100101010110010110010101010101000101
1001100010000000100101010110010110010101010101000101
1001100010000001100101010110010110010101010101000101
1001100010000001100101010110010101010101010101000101
1001100010000001100101010110010101010101010101000101
1001100010000001100101010110010101010101010101000101
0101100010000001100101010110010101010101010101000101
0101100010010001100101010110010101010101010101000101
0101100010010001100101010110010101010101010101000101
0101100010010001100101010110010101010101010101000101
0101100010010001100101010110010101010101010101000101
0101100110010001100101010110010101010101010101000101
0101100110010010100101010110010101010101010101000101
0101100110010010100101010110010101010101010101000101
0101100110010010100101010110010101010101010101000101
0101010110010010100101010110010101010101010101000101
0101010110010010100101010110010101010101010101000101
0101010110010010100101010110010101010101010101000101
0101010110010010100101010110010101010101010101000101
0101010110010010100101010110010100010101010101000101
0101010110010010100101010110010100010101010101000101
0101010110010010100101010110010100010101010101000101
0101010110010010100101010110010100010101010101000101
0101010110100010100101010101010100010101010101000101
0101010110100010100101010101010100010101010101000101
0101010110100010100101010101010100010101010101010101
0101010110100010100101010101010100010101010101010101
0101010110100010100101010101010100010101010101010101
0101010110100010100101010101010100010101010101010101
0101010110100010100101010101010100010101010101010101
0101010110100010100101010101010100010101010101010101
0101010110100010100101010101010100010101010101010101
0101010110100010100101010101010100010101010101010101
0101010110100010100101010101010100010101010101010101
0101010110100010100101010101010100010101010101010101
0101010110100010100101010101010100010101010101010101
0101010110100010100101010101010100010101010101010101
0101010110100010100101010101010100010101010101010101
0101010110100010100101010101010100010101010101010101
0101010110100010100101010101010100010101010101010101
0101010110100010100101010101010100010101010101010101
0101010110100010100101010101010100010101010101010101
0101010110100010100101010101010100010101010101010101
0101010110100010100101010101010100010101010101010101
0101010110100010100101010101010100010101010101010101
0101010110100010100101010101010100010101010101010101
0101010110100010100101010101010100010101010101010101
0101000110100010100101010101010100010101010101010101
0101000110100010100101010101010100010101010101010101
0101000110100010100101010101010100010101010101010101
0101000110100010100101010101010100010101010101010101
0101000110100010100101010101010100010101010101010101
0101000110100010100101010101010100010101010101010101
0101000110100010100101010101010100010101010101010101
0101000110100010100101010101010100010101010101010101
0101000110100010100101010101010100010101010101010101
0101000110100010100101010101010100010101010101010101
0101000110100010100101010101010100010101010101010101
0101000110100010100101010101010100010101010101010101
0101000110100010100101010101010100010101010101010101
0101000110100010100101010101010100010101010101010101
0101000110100010100101010101010100010101010101010101
0101000110100010100101010101010100010101010101010101
0101000110100010100101010101010100010101010101010101
0101000110100010100101010101010100010101010101010101
0101000110100010100101010101010100010101010101010101
0101000110100010100101010101010100010101010101010101
0101000110010010100101010101010100010101010101010101
0101000110010010100101010101010100010101010101010101
0101000110010010100101010101010100010101010101010101
0101000110010010100101010101010100010101010101010101
0101000110010010100101010101010100010101010101010101
0101000110010010100101010101010100010101010101010101
0101000110010010100101010101010100010101010101010101
0101000110010010100101010101010100010101010101010101
0101000110010010100101010101010100010101010101010101
0101000110010010100101010101010100010101010101010101
0101000110010010100101010101010100010101010101010101
0101000110010010100101010101010100010101010101010101
0101000110010010100101010101010100010101010101010101
0101000110010010100101010101010101010101010101010101
0101000110010010100101010101010101010101010101010101
0101010110010010100101010101010101010101010101010101
0101010110010010100101010101010101010101010101010101
0101010110010010010101010101010101010101010101010101
0101010110010010010101010101010101010101010101010101
0101010110010010010101010101010101010101010101010101
0101010110010010010101010101010101010101010101010101
0101010110010010010101010101010101010101010101010101
0101010110010010010101010101010101010101010101010101
0101010110010010010101010101010101010101010101010101
0101010110010001010101010101010101010101010101010101
0101010110010001010101010101010101010101010101010101
0101010110010001010101010101010101010101010101010101
0101010110010001010101010101010101010101010101010101
0101010110010001010101010101010101010101010101010101
0101010110010001010101010101010101010101010101010101
0101010110010001010101010101010101010101010101010101
0101010110010001010101010101010101010101010101010101
0101010110010001010101010101010101010101010101010101
0101010110010001010101010101010101010101010101010101
0101010110010001010101010101010101010101010101010101
0101010110010001010101010101010101010101010101010101
0101010110010001010101010101010101010101010101010101
0101010110010001010101010101010101010101010101010101
0101010110010001010101010101010101010101010101010101
0101010110010001010101010101010101010101010101010101
0101010110010001010101010101010101010101010101010101
0101010110010001010101010101010101010101010101010101
0101010110010001010101010101010101010101010101010101
0101010110010001010101010101010101010101010101010101
0101010110010001010101010101010101010101010101010101
0101010110010001010101010101010101010101010101010101
0101010110010001010101010101010101010101010101010101
0101010110010001010101010101010101010101010101010101
0101010110010001010101010101010101010101010101010101
0101010110010001010101010101010101010101010101010101
0101010110010101010101010101010101010101010101010101
0101010101010101010101010101010101010101010101010101
0101010101010101010101010101010101010101010101010101
0101010101010101010101010101010101010101010101010101
0101010101010101010101010101010101010101010101010101
0101010101010101010101010101010101010101010101010101
0101010101010101010101010101010101010101010101010101
0101010101010101010101010101010101010101010101010101
0101010101010101010101010101010101010101010101010101
0101010101010101010101010101010101010101010101010101
0101010101010101010101010101010101010101010101010101
0101010101010101010101010101010101010101010101010101
0101010101010101010101010101010101010101010101010101
0101010101010101010101010101010101010101010101010101
0101010101010101010101010101010101010101010101010101
0101010101010101010101010101010101010101010101010101
0101010101010101010101010101010101010101010101010101
0101010101010101010101010101010101010101010101010101
0101010101010101010101010101010101010101010101010101
0101010101010101010101010101010101010101010101010101
0101010101010101010101010101010101010101010101010101
0101010101010101010101010101010101010101010101010101
0101010101010101010101010101010101010101010101010101
0101010101010101010101010101010101010101010101010101
0101010101010101010101010101010101010101010101010101
0101010101010101010101010101010101010101010101010101
0101010101010101010101010101010101010101010101010101
0101010101010101010101010101010101010101010101010101
0101010101010101010101010101010101010101010101010101
0101010101010101010101010101010101010101010101010101
0101010101010101010101010101010101010101010101010101
0101010101010101010101010101010101010101010101010101
0101010101010101010101010101010101010101010101010101
0101010101010101010101010101010101010101010101010101
0101010101010101010101010101010101010101010101010101
0101010101010101010101010101010101010101010101010101
0101010101010101010101010101010101010101010101010101
0101010101010101010101010101010101010101010101010101
0101010101010101010101010101010101010101010101010101
0101010101010101010101010101010101010101010101010101
0101010101010101010101010101010101010101010101010101
0101010101010101010101010101010101010101010101010101
0101010101010101010101010101010101010101010101010101
