110000000000000000000000000000000000000000
001100000000000000000000000000000000000000
000011000000000000000000000000000000000000
000000110000000000000000000000000000000000
000000001100000000000000000000000000000000
000000000011000000000000000000000000000000
000000000000110000000000000000000000000000
000000000000001100000000000000000000000000
000000000000000011000000000000000000000000
000000000000000000110000000000000000000000
000000000000000000001100000000000000000000
000000000000000000000011000000000000000000
000000000000000000000000110000000000000000
000000000000000000000000001100000000000000
000000000000000000000000000011000000000000
000000000000000000000000000000110000000000
000000000000000000000000000000001100000000
000000000000000000000000000000000011000000
000000000000000000000000000000000000110000
000000000000000000000000000000000000001100
000000000000000000000000000000000000000011