11111111111111111111111111
11111111111111111111111111
11111111111111111111111111
11111111111111111111111111
11111111111111111111111111
11111111111111111111111111
11111111111111111111111111
11111111111111111111111111
11111111111111111111111111
11111111111111111111111111
11111111111111111111111111
11111111111111111111111111
11111111111111111111111111
11111111111111111111111111
11111111111111111111111111
11111111111111111111111111
11111111111111111111111111
11111111111111111111111111
11111111111111111111111111
11111111111111111111111111
11111111111111111111111111
11111111111111111111111111
11111111111111111111111111
11111111111111111111111111
11111111111111111111111111
11111111111111111111111111
11111111111111111111111111
11111111111111111111111111
11111111111111111111111111
11111111111111111111111111
11111111111111111111111111
11111111111111111111111111
11111111111111111111111111
11111111111111111111111111
11111111111111111111111111
11111111111111111111111111
11111111111111111111111111
11111111111111111111111111
11111111111111111111111111
11111111111111111111111111
11111111111111111111111111
11111111111111111111111111
11111111111111111111111111
11111111111111111111111111
11111111111111111111111111
11111111111111111111111111
11111111111111111111111111
11111111111111111111111111
11111111111111111111111111
11111111111111111111111111
11101111111111111111111111
10100111101111111111111111
10100111100111111111111111
10100111100111111111111111
10100111100111111111111111
10100111000111111111111111
10100111000111111111111111
10100101000111111111111111
10100101000111111111111111
10100101000111111111111111
10100101000111111111111111
10100101000111111111111111
10100101000111111111111111
10100101000111111111111111
10100101000111111111111111
10100101010111111111111111
10100101000111111111111111
10100101000111111111111111
10100101000111111111111111
10100101000111111111111111
10100100000111111111111111
10100100000111111111111111
10100100000111111111111111
10100100000111111111111111
10100100000111111111111111
11100100000111110111111111
11100100000111110111111111
11100100000111110111111111
11100100000111110111111111
11100100000111110111111111
11100100000111110111111111
11100100000111110111111111
10100100000111110111111111
10100100000111110111111111
10101100001111110111111111
10101100001111110111111111
10101100001111110111111111
10101100001111110111111111
10101100001111110111111111
10101100101111110111111111
10101100101111111111111111
10101100101111111111111111
10101100101111111111111111
10101100101111111111111111
10100101101111111111111111
10100101101111111111111111
10100101101111111111111111
10100111101111111111111111
10100111101111111111111111
10100111101111111111111111
10100111100111111111111111
10100111100111111111111111
10100111100111111111111111
10100111100111111111111111
10100111100111111111111111
10100111000111111111111111
10100111000111111111111111
10100111000111111111111111
10100111000111111111111111
10100111000111111111111111
10100111000111111111111111
10100111000111111111111111
10100111000111111111111111
10100111000111111111111111
10100111000111111111111111
10100111000111111111111111
10100111000111111111111111
10100111000111111111111111
10100111000111111111111111
10100111000111111111111111
10100111000111111111111111
10100111000111111111111111
10100111000111111111111111
10100111000111111111111111
10100111000111111111111111
10100111000111111111111111
10100111000111111111111111
10100111000111111111111111
10100111000111111111111111
10100111000111111111111111
10100111000111111111111111
10100111000111111111111111
10100111000111111111111111
10100101000111111111111111
10100101000111111111111111
10100101000111111111111111
10100101000111111111111111
10100101000111111111111111
10100101000111111111111111
10100101000111111111111111
10100101000111111111111101
10100101000111111010111101
10100101000111101000111101
10100101000111101000111101
10100101000111101000111101
10100101000111101000111101
10100101000111101000111101
10100101100111101000111101
10100101100111101000111101
10100101100111101000111101
10100101100111101000111101
10100101100111101000111101
10100101100111101000111101
10100101100111101000111101
10100101100111101000111101
10100101100111101001111101
10100101100111101000111101
10100101100111101000111101
10100111100111101000111101
10100111100111101000111101
10100111101111101000111101
10100111101111101000111101
10100111101111101000111101
10100111101111101000111101
10100111101111101000111101
10100111111111101100111101
10100111111111101100111101
10100111111111101100111101
10100111111111101100111101
10100111111111101100111101
10100111111111101100111101
10101111111111101000111101
10101111111111101000111101
10101111111111101000111101
10101111111111111000111101
10101111111111111010111101
10101111111111111010111101
10101111111111111010111101
10101111111111111010111101
10101111111111111010111101
10101111111111111010111101
10101111111111111010111101
10101111111111111010111101
10101111111111111010111101
10101111111111111010111101
10101111111111111010111101
10101111111111111010111101
10101111111111111000111101
10101111111111111000111101
10101111111111101000111101
10101111111111101000111101
10101111111111101000111101
10101111111111101000111101
10101111111111101000111101
10101111111111101000111101
10101111111111101000111101
10101111111111101000111101
10101111111111101000111101
11101111111111101000111101
11111111111111101000111101
11111111111111101000111101
11111111111111101000111101
11111111111111101000111101
11111111111111101000111101
11111111111111101000111101
11111111111111101000111101
11111111111111101000111101
11111111111111101000111101
11111111111111101000111101
11111111111111101000111101
11111111111111101000111101
11111111111111101000111101
11111111111111101000111101
11111111111111101000111101
11111111111111101000111101
11111111111111101000111101
11111111111111101000111101
11111111111111101000111101
11111111111111101000111101
11111111111111101000111101
11111111111111101000111101
11111111111111101000111101
11111111111111101000111101
11111111111111101000111101
11111111111111101000111101
11111111111111101000111101
11111111111111101000111101
11111111111111101000111101
11111111111111101000111101
11111111111111101000111101
11111111111111101000111101
11111111111111101000111101
11111111111111101000111101
11111111111111101000111101
11111111111111101000111101
11111111111111101000111101
11111111111111101000111101
11111111111111101000111101
11111111111111101000111101
11111111111111101000111101
11111111111111101000111101
11111111111111101000111101
11111111111111101000111101
11111111111111101000111101
11111111111111101000111101
11111111111111101000111101
11111111111111101000111101
11111111111111101000111101
11111111111111101000111101
11111111111111101000111101
11111111111111101000111101
11111111111111111001111101
11111111111111111011111101
11111111111111111011111101
11111111111111111011111101
11111111111111111011111101
11111111111111111011111101
11111111111111111011111101
11111111111111111011111101
11111111111111111011111101
11111111111111111011111101
11111111111111111011111101
11111111111111111011111101
11111111111111111011111101
11111111111111111011111101
11111111111111111011111101
11111111111111111011111101
11111111111111111011111101
11111111111111111011111101
11111111111111111011111101
11111111111111111011111101
11111111111111111011111101
11111111111111111011111101
11111111111111111011111101
11111111111111111011111101
11111111111111111011111101
11111111111111111011111101
11111111111111111011111101
11111111111111111011111101
11111111111111111011111101
11111111111111111011111101
11111111111111111011111101
11111111111111111011111101
11111111111111111011111111
11111111111111111011111111
11111111111111111111111111
11111111111111111111111111
11111111111111111111111111
11111111111111111111111111
11111111111111111111111111
11111111111111111111111111
11111111111111111111111111
11111111111111111111111111
11111111111111111111111111
11111111111111111111111111
11111111111111111111111111
11111111111111111111111111
11111111111111111111111111
11111111111111111111111111
11111111111111111111111111
11111111111111111111111111
11111111111111111111111111
11111111111111111111111111
11111111111111111111111111
11111111111111111111111111
11111111111111111111111111
11111111111111111111111111
11111111111111111111111111
11111111111111111111111111
11111111111111111111111111
11111111111111111111111111
11111111111111111111111111
11111111111111111111111111
11111111111111111111111111
11111111111111111111111111
11111111111111111111111111
11111111111111111111111111
11111111111111111111111111
11111111111111111111111111
11111111111111111111111111
11111111111111111111111111
11111111111111111111111111
11111111111111111111111111
11111111111111111111111111
11111111111111111111111111
11111111111111111111111111
11111111111111111111111111
11111111111111111111111111
11111111111111111111111111
11111111111111111111111111
11111111111111111111111111
11111111111111111111111111
11111111111111111111111111
11111111111111111111111111
11111111111111111111111111
11111111111111111111111111
11111111111111111111111111
11111111111111111111111111
11111111111111111111111111
11111111111111111111111111
11111111111111111111111111
11111111111111111111111111
11111111111111111111111111
11111111111111111111111111
11111111111111111111111111
11111111111111111111111111
11111111111111111111111111
11111111111111111111111111
11111111111111111111111111
11111111111111111111111111
11111110111111111111111111
11001010111111111111111111
01001010111111111111111111
01001010111111111111111111
01001010111111111111111111
01001010101111111111111111
01001010101111111111111111
00001010101111111111111111
00001010101111111111111111
00001010101111111111111111
00001010101111111111111111
00001010101111111111111111
00001010101111111111111111
00001010101111111111111111
00001010101111111111111111
00001110101111111111111111
00001010101111111111111111
00001010101111111111111111
00001010101111111111111111
00001010101111111111111111
00001010101111111111111111
00000010101111111111111111
00000010101111111111111111
00000010101111111111111111
00000010101111111111111111
00100010101111111111111111
00100010100111111111111111
00100010100111111111111111
00100010100111111111111111
00100010100111111111111111
00100010100111111111111111
00000010100111111111111111
00000010100111111111111111
00000010100111111111111111
10010010100111111111111111
10010010100111111111111111
10010010100111111111111111
10010010100111111111111111
10010010100111111111111111
10010010111111111111111111
10010010111111111111111111
10010010111111111111111111
10010010111111111111111111
10010010111111111111111111
10001010111111111111111111
10001010111111111111111111
10001010111111111111111111
11001010111111111111111111
11001010111111111111111111
11001010111111111111111111
01001010111111111111111111
01001010111111111111111111
01001010111111111111111111
01001010111111111111111111
01001010111111111111111111
01001010101111111111111111
01001010101111111111111111
01001010101111111111111111
01001010101111111111111111
01001010101111111111111111
01001010101111111111111111
01001010101111111111111111
01001010101111111111111111
01001010101111111111111111
01001010101111111111111111
01001010101111111111111111
01001010101111111111111111
01001010101111111111111111
01001010101111111111111111
01001010101111111111111111
01001010101111111111111111
01001010101111111111111111
01001010101111111111111111
01001010101111111111111111
01001010101111111111111111
01001010101111111111111111
01001010101111111111111111
01001010101111111111111111
01001010101111111111111111
01001010101111111111111111
01001010101111111111111111
00001010101111111111111111
00001010101111111111111111
00001010101111111111111111
00001010101111111111111111
00001010101111111111111111
00001010101111111111111111
00001010101111111111111111
00001010101111111111111111
00001010101111111111111111
00001010101111111111111111
00001010101111111111111111
00001010101111111111111111
00001010101111111111111111
00001010101111111111111111
00001010101111111111111111
00001010101111111111111111
00001010111111111111111111
00001010111111111111111111
00001010111111111111111111
00001010111111111111111111
00001010111111111111111111
00001010111111111111111111
00001010111111111111111111
00001010111111111111111111
00001010111111111111111111
00001010111111111111111111
00001010111111111111111111
00001010111111111111111111
00001010111111111111111111
01001010111111111111111111
11001010111111111111111111
11001010111111111111111111
11001010111111111111111111
11001010111111111111111111
11001110111111111111111111
11001110111111111111111111
11001110111111111111111111
11001110111111111111111111
11001110111111111111111111
11001110111110111111111111
11011110111110111111111000
11011110111010111111111000
11011110111010111111111000
11011110111010111111111000
11011110111010111110111000
11011110111010111110111000
11011110111010111010111000
11011110111010111010111000
11011110111010111010111000
11011110111010111010111000
11011110111010111010111000
11011110111010111010111000
11011110111010111010111000
11011110111010111010111000
11011110111010111010111001
11011110111010111010111000
11011110111010111010111000
11011110111010111010111000
11011110111010111010111000
11011110111010111010111000
11011110111010111010111000
11011110111010111010111000
11011110111010111010111000
11011110111010111010111100
11011110111010111010111100
11011110111010101010111100
11011110111010101010111100
11111110111010101010111100
11111111111010101000111000
11111111111010101000111000
11111111111010101000111000
11111111111010101000111000
11111111111010101000111010
11111111111110101000111010
11111111111110101010111010
11111111111110101010111010
11111111111110101010111010
11111111111110111011111010
11111111111110111011111010
11111111111110111011111010
11111111111110111011111010
11111111111110111011111000
11111111111110111011111000
11111111111110111011111000
11111111111110111011111000
11111111111110111111111000
11111111111010111111111000
11111111111010111111111000
11111111111010111111111000
11111111111010111111111000
11111111111010111111111000
11111111111010111111111000
11111111111010111110111000
11111111111010111110111000
11111111111010111110111000
11111111111010111110111000
11111111111010111110111000
11111111111010111110111000
11111111111010111110111000
11111111111010111110111000
11111111111010111110111000
11111111111010111110111000
11111111111010111110111000
11111111111010111110111000
11111111111010111110111000
11111111111010111110111000
11111111111010111110111000
11111111111010111110111000
11111111111010111110111000
11111111111010111110111000
11111111111010111110111000
11111111111010111110111000
11111111111010111110111000
11111111111010111110111000
11111111111010111010111000
11111111111010111010111000
11111111111010111010111000
11111111111010111010111000
11111111111010111010111000
11111111111010111010111000
11111111111010111010111000
11111111111010111010111000
11111111111010111010111000
11111111111010111010111000
11111111111010111010111000
11111111111010111010111000
11111111111010111010111000
11111111111010111010111000
11111111111010111010111000
11110111111010111010111000
11110101011010111010111000
11110100011010110010111000
11110100011010110010111000
11110100011010110011111000
11110000011010110011111000
11110000011010110011111000
11110000011010110011111000
11010000011010110011111000
11010000011010110011111000
11010000011010110011111000
11010000011010110011111000
11010000011010110011111000
11010000011010110011111000
11010000011010110011111000
11010000111010110011111000
11010000011010110011111000
11010000011010110011111000
11010000011010110011111001
11010000011010110111111001
11010000011010110111111001
11010000011110110111111001
11000000011110110111111001
11000000011110110111111001
11000000011110110111111001
11000010011110110111111011
11000010011110110111111011
11000010011110110111111011
01000010011110110111111011
01000010011110110111111011
01000010011110110111111011
01000000011110110111111011
01000000011110110111111011
01000001011110110111111011
01000001011110111111111011
01000001011110111111111011
01000001011110111111111011
11000001011110111111111011
11000101011110111111111011
11000101011110111111111011
11000101011110111111111011
11000101011110111111111011
11010101011110111111111011
11010100011110111111111011
11010100011110111111111011
11010100011110111111111011
11110100011110111111111011
11110100011110111111111011
11110100011110111111111011
11110100011110111111111011
11110100011110110111111011
11110100011110110111111011
11110100011110110111111011
11110100011110110111111011
11110000011111110111111011
11110000011111110111111011
11110000011111110111111111
11110000011111110111111111
11110000011111110111111111
11110000011111110111111111
11110000011111110111111111
11110000011111110111111111
11110000011111110111111111
11110000011111110111111111
11110000011111110111111111
11110000011111110111111111
11110000011111110111111111
11110000011111110111111111
11110000011111110111111111
11110000011111110111111111
11110000011111110111111111
11110000011111110111111111
11110000011111110111111111
11110000011111110111111111
11110000011111110111111111
11110000011111110111111111
11110000011111110111111111
11110000011111110111111111
11010000011111110111111111
11010000011111110111111111
11010000011111110111111111
11010000011111110111111111
11010000011111110111111111
11010000011111110111111111
11010000011111110111111111
11010000011111110111111111
11010000011111110111111111
11010000011111110111111111
11010000011111110111111111
11010000011111110111111111
11010000011111110111111111
11010000011111110111111111
11010000011111110111111111
11010000011111110111111111
11010000011111110111111111
11010000011111110111111111
11010000011111110111111111
11010000011111110111111111
11010100011111110111111111
11010100011111110111111111
11010100011111110111111111
11010100011111110111111111
11010100011111110111111111
11010100011111110111111111
11010100011111110111111111
11010100011111110111111111
11010100011111110111111111
11010100011111110111111111
11010100011111110111111111
11010100011111110111111111
11010100011111110111111111
11010100011111111111111111
11010100011111111111111111
11110100011111111111111111
11110100011111111111111111
11110100111111111111111111
11110100111111111111111111
11110100111111111111111111
11110100111111111111111111
11110100111111111111111111
11110100111111111111111111
11110100111111111111111111
11110101111111111111111111
11110101111111111111111111
11110101111111111111111111
11110101111111111111111111
11110101111111111111111111
11110101111111111111111111
11110101111111111111111111
11110101111111111111111111
11110101111111111111111111
11110101111111111111111111
11110101111111111111111111
11110101111111111111111111
11110101111111111111111111
11110101111111111111111111
11110101111111111111111111
11110101111111111111111111
11110101111111111111111111
11110101111111111111111111
11110101111111111111111111
11110101111111111111111111
11110101111111111111111111
11110101111111111111111111
11110101111111111111111111
11110101111111111111111111
11110101111111111111111111
11110101111111111111111111
11110111111111111111111111
11111111111111111111111111
11111111111111111111111111
11111111111111111111111111
11111111111111111111111111
11111111111111111111111111
11111111111111111111111111
11111111111111111111111111
11111111111111111111111111
11111111111111111111111111
11111111111111111111111111
11111111111111111111111111
11111111111111111111111111
11111111111111111111111111
11111111111111111111111111
11111111111111111111111111
11111111111111111111111111
11111111111111111111111111
11111111111111111111111111
11111111111111111111111111
11111111111111111111111111
11111111111111111111111111
11111111111111111111111111
11111111111111111111111111
11111111111111111111111111
11111111111111111111111111
11111111111111111111111111
11111111111111111111111111
11111111111111111111111111
11111111111111111111111111
11111111111111111111111111
11111111111111111111111111
11111111111111111111111111
11111111111111111111111111
11111111111111111111111111
11111111111111111111111111
11111111111111111111111111
11111111111111111111111111
11111111111111111111111111
11111111111111111111111111
11111111111111111111111111
11111111111111111111111111
11111111111111111111111111