11000000000000000000000000000000
00110000000000000000000000000000
00001100000000000000000000000000
00000011000000000000000000000000
00000000110000000000000000000000
00000000001100000000000000000000
00000000000011000000000000000000
00000000000000110000000000000000
00000000000000001100000000000000
00000000000000000011000000000000
00000000000000000000110000000000
00000000000000000000001100000000
00000000000000000000000011000000
00000000000000000000000000110000
00000000000000000000000000001100
00000000000000000000000000000011
