1101100001001101100000000011
0010101110000010011110101001
1101000110101101100000101001
1101011001011101100001011001
1101010110010010011110101001
1101100110000010011110101001
1101011110111101100001111100
1101011110101101100001000011
1101010110010010011110101001
1101100110010010011110101001
0010001110001101100001101001
0010000110001101100000111100
0010111110101101100001000011
1101011001101101100000101001
0010001001001101100001111100
1101101110001101100001101001
1101011110001101100000111100
0010100110101101100001101001
1101000110000010011111000011
1101001001111101100001111100
1101110110001101100001111100
0010011110111101100000101001
1101111001001101100000101001
1101010110111101100001101001
0010101110001101100000000011
0010000110111101100001011001
1101001001110010011110011001
1101100110100010011110000011
1101010110101101100001101001
1101010110001101100001111100
1101000110011101100001000011
0010000110000010011111111100
1101101110110010011111000011
0010101110011101100001111100
1101101001011101100001101001
0010011110101101100000101001
1101011110111101100001000011
0010110110011101100001011001
1101110110001101100000000011
1101001001100010011110011001
1101000001000010011110011001
1101010110001101100000101001
0010011001111101100000101001
0010100001100010011110101001
1101000110110010011111101001
1101010110111101100000011001
0010100001001101100000101001
0010000110010010011110111100
0010110110001101100001000011
0010100001000010011110111100
1101010001111101100001000011
0010111110111101100000000011
0010010110111101100001111100
0010000110110010011110111100
0010000001100010011110111100
1101101110001101100001111100
1101000110110010011111101001
1101000110101101100001000011
0010010110001101100000101001
0010000110111101100001101001
0010001110010010011110111100
1101110001010010011110000011
0010100001100010011110111100
1101001110010010011110101001
1101001110111101100001101001
0010101110110010011111101001
1101011110001101100000000011
1101011001110010011110000011
0010011001011101100001101001
0010100110011101100001111100
1101001001001101100001111100
0010001110001101100000101001
1101111110001101100001101001
0010010110001101100000101001
1101100110101101100001111100
0010011110111101100000111100
0010010001001101100000000011
1101111110010010011110011001
1101000110010010011110000011
0010111110001101100001101001
1101011110000010011110011001
1101011110111101100000000011
1101110110001101100001000011
0010111110000010011111111100
0010001110100010011111000011
1101011001010010011110011001
0010111110011101100001011001
0010110110010010011111101001
1101001110010010011110101001
1101011110001101100000111100
0010111110111101100001111100
0010111001111101100000000011
1101111110001101100000101001
1101010110000010011110111100
0010111110001101100001011001
0010111110101101100001000011
0010011110011101100001101001
1101011110011101100001000011
1101101001101101100000101001
0010111110001101100000111100
1101010001010010011110101001
1101111110001101100000111100
0010110001111101100001101001
0010001110000010011110011001
1101100001010010011110111100
1101000001011101100000101001
1101000110111101100001011001
1101010110111101100001111100
0010110110101101100000000011
1101111110001101100001111100
1101001110000010011111011001
1101111110101101100001111100
1101101110101101100001101001
0010110110000010011111000011
0010100001000010011110111100
1101101110001101100001101001
0010000001011101100001000011
1101010110100010011111101001
0010011110101101100000111100
0010100001010010011111111100
1101010110010010011111111100
0010111110000010011111101001
1101101001101101100000111100
1101111110100010011110101001
1101101001010010011111111100
0010000001101101100000111100
1101011110001101100000111100
0010011110001101100000101001
0010000110101101100000101001
0010010110010010011110101001
0010000110000010011110101001
1101111110111101100001011001
0010001110101101100000101001
1101100110101101100000111100
0010010001100010011110101001
1101010110100010011111000011
0010001110011101100001111100
1101010001011101100001101001
0010010001000010011111101001
1101101110111101100000101001
1101100110011101100000101001
0010011001011101100001111100
1101000001000010011110101001
1101011110101101100001111100
0010111110101101100001111100
1101011110101101100000101001
1101010110011101100000000011
1101110110001101100000111100
1101010001111101100001111100
0010011001101101100000000011