%% [1] [2] [3] [4] [5] [6] [7] [8] [9] [10] [11] [12] [13] [14] [15] [16] [17] [18] [19] [20] [21] [22] [23] [24] [25] [26] [27] [28] [29] [30] [31] [32] [33] [34] [35] [36] [37] [38] [39] [40] [41] [42] [43] [44] [45] [46] [47] [48] [49] [50] [51] [52] [53] [54] [55] [56]
10000000000000000000000000000000000000000000000000000000
01000000000000000000000000000000000000000000000000000000
00100000000000000000000000000000000000000000000000000000
00010000000000000000000000000000000000000000000000000000
00001000000000000000000000000000000000000000000000000000
00000100000000000000000000000000000000000000000000000000
00000010000000000000000000000000000000000000000000000000
00000001000000000000000000000000000000000000000000000000
00000000100000000000000000000000000000000000000000000000
00000000010000000000000000000000000000000000000000000000
00000000001000000000000000000000000000000000000000000000
00000000000100000000000000000000000000000000000000000000
00000000000010000000000000000000000000000000000000000000
00000000000001000000000000000000000000000000000000000000
00000000000000100000000000000000000000000000000000000000
00000000000000010000000000000000000000000000000000000000
00000000000000001000000000000000000000000000000000000000
00000000000000000100000000000000000000000000000000000000
00000000000000000010000000000000000000000000000000000000
00000000000000000001000000000000000000000000000000000000
00000000000000000000100000000000000000000000000000000000
00000000000000000000010000000000000000000000000000000000
00000000000000000000001000000000000000000000000000000000
00000000000000000000000100000000000000000000000000000000
00000000000000000000000010000000000000000000000000000000
00000000000000000000000001000000000000000000000000000000
00000000000000000000000000100000000000000000000000000000
00000000000000000000000000010000000000000000000000000000
00000000000000000000000000001000000000000000000000000000
00000000000000000000000000000100000000000000000000000000
00000000000000000000000000000010000000000000000000000000
00000000000000000000000000000001000000000000000000000000
00000000000000000000000000000000100000000000000000000000
00000000000000000000000000000000010000000000000000000000
00000000000000000000000000000000001000000000000000000000
00000000000000000000000000000000000100000000000000000000
00000000000000000000000000000000000010000000000000000000
00000000000000000000000000000000000001000000000000000000
00000000000000000000000000000000000000100000000000000000
00000000000000000000000000000000000000010000000000000000
00000000000000000000000000000000000000001000000000000000
00000000000000000000000000000000000000000100000000000000
00000000000000000000000000000000000000000010000000000000
00000000000000000000000000000000000000000001000000000000
00000000000000000000000000000000000000000000100000000000
00000000000000000000000000000000000000000000010000000000
00000000000000000000000000000000000000000000001000000000
00000000000000000000000000000000000000000000000100000000
00000000000000000000000000000000000000000000000010000000
00000000000000000000000000000000000000000000000001000000
00000000000000000000000000000000000000000000000000100000
00000000000000000000000000000000000000000000000000010000
00000000000000000000000000000000000000000000000000001000
00000000000000000000000000000000000000000000000000000100
00000000000000000000000000000000000000000000000000000010
00000000000000000000000000000000000000000000000000000001
%%
10100000000000001111000000000000000001100110000011000000
11000000000000000000000000000000001000000000000000000000
11000000000000000000000000000000001000000000000000000000
10100000000000001111100000000000000001100110000010000000
11000000000000000000000000000000001000000000000000000000
11100001000010000011000100000000001001100110001001010000
11000000000000000000000000000000001000000000000000000000
11000000000000000000000000000000001000000000000000000000
10100000000000001111100000000000000001100100000010000000
11000000000000000000000000000000001000000000000000000000
11000000000000000000000000000000001000000000000000000000
11000000000000000000000000000000001000000000000000000000
11000000000000000000000000000000000001010000000000000000
11000000000000000000000000000000000000000000000010000000
11000000000000010000000000000000001000000000000000000000
11000000000000010000000000000000001000000000000000000000
11000000000000000000000000000000001000000000000000000000
10000000000000000010100000000000000000000000000000000000
01000000000000000010000000000000001000000000000000000000
10000000000000000010110001000000000100000000000000000000
11000000000000000000000000000000001000000000000000000000
11000000000000000000000000000000001000000000000000000000
10000000000000000010100000000000000010000000000000000001
11000000000000000000000000000000001000000000000000000000
10000000101000000000100000000000000000100100100000000000
01000000000000000000100000000000001000000000000000000000
10000000000000000010000000000000000000000100000000000000
11000000000000010000000000000000001000000000000000000000
11000000000000010000000000000000001000000000000000000000
11000000000000100000110001000000001100001000000000000110
10000000000000000000100000000000000000000000000000000000
10000000000000000010100000000000000000000000000000000000
11000000000000010000000000000000001000000000000000000000
01000000000000000000000000000000001000000000000000000000
11101011000100000000110000000010011000000000001000000000
01000000000000000000010000000000001000000000000000000000
10000000000010000010100000000000000000100100000000000000
01000000000000000000000000000000001010000000000000000000
01000000000000000000000001000000001000000000000000000000
01000000000000000000000000000000001000100000000000000000
01000000000000000000000000000000001000001000000000000000
01000000000100000000000000000000001000000000000000000000
01000000000000100000000000000000001000000000000000000000
01000000000000000000001000000000001000000000000000000000
11101001101100100010111111111110101111111111111111110110
01000000000000000000000000000000001000000000000100000000
01000000000000000000000000000000001000001000000000000000
01000000000000100000000000000000001000000000000000000000
00000000000000101000100000000000000000000010000000000000
10000000000000000010100000000000000000000000000001000000
01000000000100000000000000000000001000000000000000000000
01000000000000000000100000000000001000000000000000000000
01000000000000000010000000000000001000000000000000000000
01000000000000000000000000000000001000000100000000000000
01000000000000000000010000000000001000000000000000000000
01000000000000000000000100000000001000000000000000000000
01000000000000000000000000001000001000000000000000000000
01100000000000000000000000000000001000000000000000000000
01000000000000000000000000000000001000000000000000000000
11100011000100000010100000000010011000100010001000000000
11111101000100000010100000000010001000000000001000000000
11100010000100000010100000000010001000000000001000000000
11000000010001000010100000000000001000100010000010000000
10000000000000000000000001000000000000000000000000000000
00000000000000000000100000000000000000000010000000100000
01000000000000000000000000000000001001000000000000000000
11000000000000000000100000000100001001010000010010000000
10000000000000000010101000000000000000000000000000000000
11000000110000000000110101011101001110001000000100001001
01000000000000000000000000000000000000001000000000000000
00000000000001000010000000000000000000000010000000000000
00000000000000000000000000000000000000000010000000000000
11000000110000000000110011011100001101011000000000111001
11000000000000000010000000100000001001010000000010000000
01000000000000000000000000000000001000010000000000000000
01000000000000000000000000000000001000000000000000000000
01000100000100000000000000000010001000000000001000000000
10000000000001000010100000000000000010000010000000000000
11000000000000100000100100000000101000001000000000000110
11000001110000000000100001011101101100001001000000111100
01000000000000000000000000000000001000000000001000000000
11000000000000000010000001010000101011000100000100000100
01000000000000000000000000000000001000000000000000000000
01100100000100000000000000000010001000000000001000000000
01000000000100000000000000000010001000000000000000000000
01000000000000000000010000000000001000000000000000000000
01000000000000000000000000001000001000000000000000000000
01000000000000000000000001000000001000000000000000000000
01000000000000000000000000000000001000001000000000000000
01000000000000000000000000000000001000000100000000000000
01000000000100000000000000000000001000000000000000000000
01000000000000000000000000000000001000000000000100000000
01000000000000000000000000000000001001000000000000000000
11000000010000000000110011001101001000001101000100111000
00110010000000000000000000000000000000000000000000000000
01000000000000000000100000000000001000000000000000000000
01000000000000000000000000000000000000001000000000000000
01000000000000000010000000000000001000000000000000000000
01000000000000000000000000000000001000000000000000000000
01111001000100000000100000000110001000000000011000000000
01000000000000000000100000000100001000000000110000000000
00100000000000000100000000000000000000000000000000000000
01000000000000000000000000000000001000001000000000000000
01000000000000000000000000000000001000000000000000000000
11101001000100000000110000000110000000000010011000000000
11000000000000000000000000000010001000000000001000000000
11000000101010000000110000000100011000100111010000000000
11000000000000000000000000000000001000000100000000000000
11000000000000101000110000000100001000001001000000000110
11000000000000000000000000000000001000000000000000000100
11000000000000000000000000000000001001000000000010000000
11000000000000000000110000100000001001010010000010000000
11000000000000000010010001000000001000000000000000000000
01000000000000000000000000000000000000000000001000000000
11101000100100000000110000000100001000101001001000101000
11000000000000000000000000000000001000000000000000000000
01000000000000000000000000000000001000000000000000000000
01000000000100000000000000000000001000000000001000000000
11000000000000000000000000000000001000000000000000000000
11000000000000000000000000000000001000000000000000000000
01000000000000000000000001000000001000000000000000000000
01000000000000000000000100000000001000000000000000000000
01000000000000000000000000010000001000000000000000000000
01000000000000000000000000000000001000000000000001000000
