-4.19078e-18
4.58855e-41
0.00212339
0.00166725
0.00695819
0.00222643
0.0159224
0.00281257
0.0303472
0.00385392
0.0514874
0.0058628
0.0806055
0.00916408
0.119122
0.013917
0.16881
0.0202917
0.232097
0.0285792
0.3125
0.0392733
0.415288
0.053175
0.54866
0.0715944
0.72578
0.0967428
0.968991
0.132604
1.31889
0.187044
1.8571
0.277678
2.77555
0.451802
4.65874
0.879655
10.5471
2.67497
2.01787e-43
0
2.03188e-43
0
1.64533e-37
0
2.51746e-37
0
6.49037e+32
4.58855e-41
4.54586e-38
0
0
0
2.8026e-45
0
2.55998e-37
0
2.55998e-37
0
2.51914e-37
0
2.5167e-37
0
2.51681e-37
0
4.2039e-45
0
2.55998e-37
0
2.55998e-37
0
0
0
0
0
0
0
6.86636e-44
0
-4.19065e-18
4.58855e-41
2.51834e-37
0
