2.76059e-18
3.08902e-41
0.00268169
0.00176922
0.00875776
0.00248094
0.0204122
0.00322873
0.0401249
0.00504587
0.070778
0.00903217
0.116068
0.0158363
0.181258
0.0262466
0.274543
0.0417055
0.409689
0.0649457
0.611762
0.101483
0.931435
0.163827
1.48846
0.285904
2.65013
0.590536
6.35032
1.87798
0
0
0
0
6.86636e-44
0
0
0
1.09591e-18
3.08902e-41
2.75135e-18
3.08902e-41
-1.30662e+27
0
6.22903e-36
3.30034e-41
6.86636e-44
0
2.80043e-18
3.08902e-41
1.0974e-18
3.08902e-41
2.75138e-18
3.08902e-41
-4.74856e-11
0
6.27605e-36
3.33621e-41
6.86636e-44
0
0
0
1.09884e-18
3.08902e-41
